char 12 s p n r q s g r l s o t
double 12 2.72 6.22 7.86 7.86 3.87 2.64 9.73 7.1 8.23 6.67 2.08 8.6
double 13 1.52 6.03 6.13 0.22 0.63 4.27 5.56 8.53 6.75 2.7 8.62 3.06 5.1
double 13 0.99 4.37 1.74 6.19 2.09 0.67 4.48 3.59 0.45 9.97 4.43 0.87 7.99
char 14 t b f j s n a j k r g s d s
int 15 81 35 22 2 72 38 53 76 26 80 94 89 18 84 14
int 16 80 15 85 61 16 27 20 61 56 86 9 3 85 95 54 25
bool 17 1 1 0 1 0 0 1 0 0 0 0 1 1 0 1 0 0
double 17 0.85 9.81 4.52 9.88 5.41 4.63 1.41 4.4 5.7 5.46 4.85 1.96 8.36 3.63 6.25 6.97 6.95
double 17 7.63 8.01 9.19 4.97 5.38 1.3 7.21 8.35 5.53 5.39 9.2 4.88 3.94 9.97 1.26 7.19 8.1
char 17 n c q q g n e e m t c i t c f q h
char 18 i a k s m f i a d m d d m b j b g n
int 18 11 25 80 20 20 17 87 98 57 47 48 56 12 65 12 55 7 26
int 21 46 42 90 21 35 16 61 71 67 8 31 70 71 19 63 81 29 20 68 43 5
bool 22 1 1 0 1 1 0 0 1 0 1 0 1 0 1 0 1 1 1 0 0 1 0
int 22 26 43 74 27 3 71 1 22 4 94 63 68 55 5 15 79 92 44 40 71 86 14
char 23 k k n n i i n c l a f p b e o h i i f i s o d
bool 24 0 0 1 0 0 1 0 1 1 1 1 1 0 1 1 1 1 1 1 1 0 0 1 1
bool 24 0 0 0 0 0 0 1 0 1 0 0 0 1 0 1 0 1 1 0 0 0 1 1 1
bool 25 0 0 0 1 1 0 1 1 0 0 1 1 1 1 0 0 1 0 1 1 0 1 1 1 1
bool 25 0 0 1 0 1 1 0 1 0 1 0 0 0 1 1 0 1 0 1 0 0 1 1 0 0
double 27 0.51 7.81 9.55 9.32 7.31 9.46 0.91 0.75 8.91 1.86 3.87 5.46 8.27 6.91 2.38 0.05 6.21 4.51 4.99 8.41 3.12 0.98 0.95 2.44 3.46 6.27 0.32
double 27 7.27 8.68 5.72 4.32 1.47 8.78 4.08 2.3 3.71 5.82 4.87 9.23 6.41 1.85 4.56 2.93 2.67 4.86 9.03 7.16 4.24 0.95 1.68 3.38 9.72 8.5 7.54
int 28 10 87 50 30 31 73 1 27 4 86 84 92 5 94 61 55 70 83 81 55 77 92 93 74 9 78 8 43
bool 28 1 0 1 1 0 1 1 0 1 1 1 0 1 0 0 0 0 0 1 1 0 0 0 1 0 1 1 1
char 29 p g t r m a q e k h o p d l n r r o q f l m q f h j p k m
int 31 61 58 9 63 42 87 16 35 71 64 28 32 85 44 78 47 6 79 78 73 12 27 62 51 48 84 71 42 37 25 11
int 31 30 36 72 59 93 5 36 47 28 15 7 40 66 59 15 96 63 34 30 63 57 39 58 49 15 18 93 98 48 42 87
int 34 3 30 10 97 76 79 78 38 79 21 10 49 4 57 7 4 99 54 76 29 59 45 13 44 69 10 8 41 83 52 24 60 20 62
bool 35 0 1 0 0 1 0 0 0 0 0 0 0 0 1 0 0 0 0 0 0 0 0 0 1 1 0 0 0 1 1 0 1 1 1 1
bool 36 1 1 0 1 0 1 0 1 1 1 1 0 0 0 1 0 0 1 0 0 0 1 0 0 1 0 1 0 1 0 0 0 1 0 0 0
char 38 k j h g h c l m k n p e e a b t m a k f b s q n h c d i s q a j b d b i t o
int 38 26 69 25 9 8 8 13 70 77 43 44 27 90 66 74 88 10 64 18 89 62 15 13 82 80 47 85 9 4 69 78 59 52 39 25 64 17 2
bool 39 0 1 0 1 0 0 0 0 1 0 0 0 1 1 1 0 0 0 0 0 1 0 0 0 1 1 1 1 1 1 1 1 0 0 1 1 0 1 0
bool 40 0 0 0 1 0 1 0 0 0 1 0 1 1 1 0 0 0 1 0 0 0 1 0 0 1 0 1 0 1 0 0 0 0 1 0 1 0 0 1 0
char 42 a b m k m i q s o l h j d r e l i s n q n r m g f p h n c k o p g q l m q f o c a i
bool 48 1 0 0 1 0 1 1 0 1 0 1 1 0 0 0 1 1 1 0 1 1 1 1 1 0 0 0 0 0 0 0 1 0 1 0 1 1 1 1 0 1 0 1 1 1 0 1 0
int 48 20 53 78 75 87 19 37 36 1 26 63 30 41 81 48 55 89 50 5 23 51 12 28 91 94 84 32 15 3 83 86 95 51 91 27 21 67 65 78 30 29 16 1 99 3 60 40 16
int 49 27 96 72 60 2 79 11 12 36 76 64 2 48 13 29 11 94 20 11 73 53 33 19 6 48 1 19 37 21 64 60 81 99 2 13 9 29 28 95 61 67 22 55 15 5 87 27 91 23
bool 51 0 0 0 1 1 0 0 0 0 1 1 0 1 0 0 0 0 0 1 1 1 0 1 0 0 1 1 1 0 0 0 1 1 1 1 1 1 1 1 1 0 1 1 1 0 0 0 0 1 0 1
char 52 d s j r h t j m c m t o l o m m m t g o s j q h e j t o q e i s p n l t r n p t i l i b s d j t n o t b
bool 54 0 0 0 1 1 1 0 1 0 1 1 0 1 0 0 1 0 0 1 1 0 1 0 0 1 0 0 1 0 1 0 0 1 1 1 1 0 1 1 1 0 1 1 1 0 0 0 1 1 0 0 1 0 0
int 54 77 57 74 41 3 6 34 69 43 68 38 86 70 75 59 3 58 38 40 64 44 65 77 23 21 58 15 77 11 74 26 68 79 42 65 35 68 68 61 65 53 50 22 86 58 7 76 7 50 85 92 15 75 18
char 54 a r o a m h k p p g l d p k l g q a c d e p i g l j r h j k t n o b s k b l o q e o m n h h n e f g l k o a
int 55 58 92 9 77 25 58 96 65 71 72 66 76 83 28 2 45 13 71 94 90 93 85 36 46 51 95 60 15 86 65 41 22 33 71 59 93 50 74 3 9 23 79 48 47 92 70 61 51 95 58 33 89 85 47 36
char 56 q h f q a o g c i s i o r s a s n q n d e o q p h o c e d o t t g s o r j s m a k f f c p s a a b g t c e j o h
double 57 6.32 9.22 3.64 5.66 7.77 5.74 9.67 7.55 6.38 9.19 5.85 6.3 0.08 0.97 4.68 4.96 3.69 2.09 2.2 8.27 3.82 4.48 9.42 0.54 0.81 2.55 2.9 1.48 8.12 6.57 9.27 1.16 6.43 3.21 9.6 1.31 6.08 3.48 1.59 0.62 5.98 4.11 8.33 9.29 9.81 2.87 8.9 8.48 3.82 5.36 0.42 6.27 5.42 2.21 2.51 8.88 2.07
char 58 h k d r f n d g j h o p o q d c f i d r t g f g l i e s c h h l g b k a g g r f p e o l k f d j q j c a f o k e h g
bool 58 0 1 1 0 1 1 0 0 1 0 0 1 1 0 1 1 0 0 1 0 1 0 0 0 0 1 1 1 1 0 0 1 1 1 1 1 1 1 1 0 0 1 1 0 0 0 0 1 1 0 1 1 0 0 1 0 0 0
bool 59 1 1 1 0 1 1 1 1 0 0 0 0 1 1 1 1 0 1 1 0 1 1 1 1 0 0 1 0 1 1 1 1 0 0 1 1 1 0 1 1 1 1 1 1 0 0 0 0 0 1 0 1 1 1 1 1 1 1 0
bool 59 0 1 1 1 1 0 1 1 1 0 0 0 0 0 0 0 1 0 0 1 0 1 1 1 0 0 0 0 0 0 1 0 1 1 0 0 0 0 1 1 0 0 1 0 1 0 0 0 1 1 1 0 0 0 0 1 1 1 1
bool 59 0 0 0 0 1 0 0 1 0 0 1 1 1 0 1 0 0 0 1 0 0 0 0 0 0 1 1 1 0 0 1 1 1 0 1 1 1 0 1 0 1 0 0 0 0 0 1 1 1 0 0 0 0 1 1 1 0 1 1
int 60 54 30 42 77 31 67 79 47 46 34 59 68 28 61 57 41 37 50 15 79 99 81 1 8 15 66 53 18 78 73 76 46 1 46 40 70 38 73 65 30 50 71 58 81 26 57 32 73 24 63 60 91 77 79 11 97 29 81 87 99
int 62 48 73 95 11 98 7 8 44 61 49 34 72 73 77 76 17 6 4 71 87 15 1 42 23 90 51 4 56 28 34 98 55 39 49 62 33 63 81 36 24 13 93 86 69 93 87 23 42 94 96 75 8 39 76 15 35 40 94 44 78 96 43
int 63 26 62 92 21 92 62 56 65 58 13 56 17 34 48 58 75 52 6 47 78 55 44 6 88 28 27 93 98 48 33 71 57 98 58 4 52 18 73 47 46 65 51 69 68 21 85 21 99 68 14 37 67 29 41 97 49 56 20 22 39 91 6 86
int 64 40 40 28 20 18 33 57 59 18 42 53 45 55 42 73 6 48 2 29 53 74 50 40 79 35 8 34 23 54 26 38 1 10 40 66 57 85 67 75 75 3 43 65 22 16 75 15 36 65 77 18 94 36 78 62 56 51 67 32 61 84 16 16 22
double 65 7.74 7.85 9.55 8.4 5.19 2.53 4.78 7.51 2.92 9.88 0.44 1.29 9.06 1.71 0.95 3.23 8.78 1.67 0.23 6.67 0.01 9.95 3.44 4.19 2.35 4.27 5.47 9.92 7.01 2.33 9.93 3.64 4.89 0.03 7.82 4.89 3.85 9.79 8.64 7.18 5.29 5.55 5.62 2.69 8.25 5.57 4.35 6.8 6.65 0.86 4.08 6.56 6.42 9.31 7.53 5.57 5.7 0.45 1.23 2.35 8.92 9.47 9.72 4.99 4.85
double 69 2.65 7.45 3.26 6.72 5.32 7.99 6.08 9.46 0.58 6.38 0.94 4.59 0.38 5.92 9.55 2.49 7.08 5.49 0.35 4.69 9.61 2.06 9.13 1.35 0.07 1.84 8.55 5.04 3.15 0.55 4.15 7.27 3.79 7.79 2.53 0.04 0.17 8.19 0.64 3.01 1.34 1.44 9.94 8 4.68 1.22 9.66 4.65 7.69 9.4 7.25 5.68 5.6 0.5 9.89 5.38 7.01 4.98 5.07 6.92 6.54 7.23 4.13 4.36 0.28 8.16 2.62 1.93 4.02
int 70 74 82 60 51 91 42 15 40 9 23 90 26 46 15 23 46 36 17 24 90 89 42 39 56 17 29 80 85 54 52 80 25 20 83 49 3 41 47 72 5 62 93 85 98 17 53 63 49 63 73 57 81 48 3 7 50 22 84 88 89 44 92 80 56 98 27 78 96 63 25
bool 70 0 1 0 1 1 1 1 1 0 0 1 1 1 0 1 0 1 1 0 1 0 1 1 1 0 0 0 0 1 1 1 1 1 1 0 1 0 1 0 1 1 0 1 1 0 0 0 0 1 1 1 1 1 1 1 0 1 1 0 0 1 0 1 1 0 0 1 0 1 0
bool 72 0 0 0 1 1 1 0 0 1 1 1 1 0 0 1 1 0 1 1 1 0 0 1 1 1 1 1 0 1 0 0 1 0 1 0 1 0 0 1 1 1 0 1 0 1 0 1 1 1 1 1 0 1 1 1 0 0 1 1 0 1 0 0 1 0 0 1 0 0 1 1 0
char 72 k l l d q n e g b h q b d p r m r c i o k g b k i l n b g e g c g m j s t b q n i p d f k d k f o s f i g l r o c k k t l t l r h d m b o o d e
double 73 3.7 9.86 0.23 9.54 6.82 3.8 9.43 4.3 8.23 8.63 0.9 9.91 8.55 8.06 2.67 5.63 0.83 2.91 5.03 6.19 5.01 6.76 1.9 4.03 9.42 2.99 0.22 6.47 0.22 8.4 5.71 3.38 0.16 9.43 4.26 0.97 8.58 6.31 8.5 9.93 2.05 9.56 1.74 2.43 7.57 7.04 7.38 6 0.27 4.05 0.15 7.69 3.9 9.82 4.1 4.13 4.11 9.21 4.72 0.13 4.44 5.88 4.65 6.35 7.1 8.41 3.42 5.61 8.58 2.77 6.74 8.67 3.43
char 73 t q h j t c j f c m o a a o h k f g h o b q l d j s b j e l o q a g j d i g c i p m h h p t c j d n s a l p g t i g q q p i s c p e m a l d n t m
int 73 88 40 99 42 11 29 52 70 90 21 86 75 47 81 27 61 14 72 86 35 72 26 99 83 83 21 37 37 75 17 62 94 11 28 9 72 52 6 73 67 26 90 19 85 42 31 28 68 16 70 18 36 48 70 90 96 55 1 30 95 35 28 83 26 74 59 72 49 6 44 20 31 68
char 75 j k s l h h t r r c d k g o n i b k k m p f l t e b j q l l t s l h i o m i r p r o j r m o e s g d j q n k r o p h g q c l e f s g f a r m o b g c s
double 78 0.04 8.82 6.72 5.87 4.98 3.3 6.51 5.98 2.33 8.69 5.96 6.26 4.91 3.94 9.41 2.89 1.49 7.15 3.43 0.74 4.59 2.35 7.13 2.5 3.23 4.07 7.58 7.02 2.57 8.79 8.21 1.68 2.01 7.08 4.89 0.07 8.91 8.74 1.96 4.48 8.04 8.64 3.4 5.06 7.42 5 8.86 3.17 5.78 3.25 7.69 2.99 6.41 3.79 3.02 0.03 0.34 2.79 1.93 9.99 2.15 0.81 6.4 8.91 3.98 8.79 0.71 7.81 3.08 1.76 9.66 9.99 4.4 0.92 1.89 3.85 9.31 1.03
int 78 38 84 52 16 58 13 16 84 61 84 31 17 29 50 93 16 53 3 32 50 70 46 70 40 29 41 31 64 42 57 87 31 20 77 24 78 35 21 74 41 90 54 51 8 29 67 76 67 38 38 59 43 62 6 6 45 66 7 23 49 43 15 2 59 67 63 9 38 79 97 41 74 91 63 58 21 60 63
int 81 44 48 43 45 30 3 46 16 97 99 3 3 17 47 76 97 2 82 9 97 38 88 49 30 32 18 82 77 59 74 6 3 20 31 22 11 19 63 31 13 99 71 72 66 31 79 19 36 97 12 56 12 96 33 21 26 67 97 52 40 26 1 69 66 24 53 38 19 1 42 9 54 81 64 65 86 44 63 34 72 33
double 82 2.83 1.73 9.14 7 7.36 2.77 7.51 9.35 6.8 5.69 2.16 4.58 9.9 5.91 1.44 3.62 6.02 9.86 9.22 3.06 8.48 9.62 5.81 2.43 7.24 8.9 3.61 2.63 3.8 5.72 1.41 4.07 1.16 0.19 3.29 4.44 2.31 3.69 4.37 0.14 2.8 8.3 5.52 7.8 9.67 7.64 6.26 3.74 5.87 0.75 3 4.56 7.08 8.29 3.65 0.27 3.72 0.95 9.42 0.37 8.09 1.32 4.19 8.79 2.28 3.36 0.64 9.67 9.56 2.55 0.19 2.32 5.6 0.55 8.73 9.81 5.77 8.67 9.88 5.61 5.25 4
char 83 q h d k b h c k t n o l g t p j t j i c h j s e k m o s k m j s h q q r r r d q n i r k d j p t i t f p q k n m o g c q b s o f l j k n f i l h h j h s n j o a g o p
bool 84 1 1 0 0 1 1 0 0 1 1 0 0 1 1 0 1 0 1 1 1 0 1 1 0 1 0 1 0 0 1 0 0 0 1 1 1 0 0 0 1 1 0 0 1 1 0 1 1 0 1 1 0 0 0 0 1 1 1 1 1 1 0 0 0 1 0 0 0 0 0 0 0 0 1 0 0 1 1 0 1 1 1 1 1
int 86 38 60 4 6 73 38 60 21 47 82 90 41 92 36 83 24 46 97 6 6 9 27 16 56 4 81 49 28 8 26 52 59 13 35 6 92 70 44 89 84 92 69 36 95 66 73 8 89 7 90 76 83 21 15 8 19 91 19 50 85 50 83 69 25 52 13 90 24 71 68 77 11 14 20 51 9 36 26 21 61 79 2 37 59 5 94
double 86 0.54 3.59 8.27 3.25 9.62 7.41 0.93 3.53 8.66 4.35 7.4 6.28 2.05 5.28 7.79 2.56 1.53 8.93 6.47 3.09 7.4 2.7 0.11 3.5 6.81 8.16 4.94 0.64 2.18 6.07 8.67 2.2 3.57 3.9 0.78 9.81 6.21 9.33 0.25 1.08 8.77 9.22 9.32 8.14 0.38 9.82 9.89 1.67 3.03 5.8 4.63 2.16 8.55 8.28 9.88 2.91 7.81 3.1 9.08 6.99 5.02 1.51 0.8 7.7 8 5.73 5.15 4 0.8 8.35 9.01 3.95 5.66 7.69 9.62 7.27 8.09 4.28 3.89 8.3 9.55 2.89 9.09 2.85 5.61 6.61
int 87 70 61 38 78 69 20 53 7 40 90 77 68 44 15 41 96 50 6 73 81 67 70 84 49 60 30 83 21 39 51 50 45 78 3 48 33 10 94 6 26 92 90 57 62 7 86 21 8 72 17 66 94 89 21 14 91 12 68 2 47 49 14 42 21 41 76 78 34 2 44 33 27 16 64 11 75 22 49 27 82 49 28 60 34 84 89 62
bool 87 1 1 0 0 1 1 1 0 0 1 1 0 0 1 0 1 0 1 0 1 1 0 0 1 1 0 1 1 1 0 0 1 1 1 0 1 0 1 0 0 0 0 0 0 1 0 0 1 1 1 1 1 0 0 1 1 1 0 1 1 1 1 1 0 1 1 0 0 0 0 0 1 1 1 0 0 0 1 1 0 1 0 1 1 0 0 1
double 87 8.13 8.45 5.72 2.95 1.4 1.34 5.07 7.47 8.42 8.71 2.21 7.84 9.58 5.83 9.82 8.65 8.24 1.39 6.02 8.73 0.55 3.61 6.34 1.9 8.53 8.55 6.86 1.34 9.27 9.47 2.45 7.47 3.36 2.64 0.54 1.4 7.65 8.36 8.44 8.28 6.73 0.57 4.7 9.83 0.23 3.18 3.4 7.98 8.15 9.7 7.25 3.07 2.01 6.86 9.25 9.95 6.13 1.83 1.62 8.62 5.51 6.73 0.7 7.53 0.73 8.96 1.56 9.02 1.09 8.13 3.32 4.26 9.13 3.95 9.96 1.75 7.68 4.04 3.49 5.12 9.6 5.67 8.67 7.08 7.9 9.57 6.32
double 89 7.72 1.38 7.16 8 5.93 6.68 0.66 4.97 1.22 7.15 1.96 8.55 3.4 3.94 8.98 4.55 1.54 3.25 0.93 1.54 0.52 1.69 1.03 3.9 1.25 1.8 3.1 8.4 6.41 1.99 2.62 4.65 8.47 9.54 0.77 6.72 8.38 4.41 9.2 6.48 8.35 3.28 9.07 3.76 3.9 5.7 6.54 6.63 1.49 9.91 9.75 9.49 2.23 2.21 9.55 5.15 3.44 8.8 8.18 4.15 0.21 7.28 5.41 1.68 3.45 1.21 8.07 5.7 9.72 7.68 9.38 3.09 6.68 2.79 7.25 0.65 1.03 3.99 5.17 0.95 5.44 1.22 6.4 1.91 3.2 4.37 4.18 2.12 2.6
char 90 f a m j t t b a i k i b f c p b t c t b e o c q m t h s n o c d i r q q i k d f p l l o g k b c m t s r m d b c q m r c r r r p l k q j o n n g t f k e o e q b j f c d r p o k a o
double 91 5.75 0.58 5.48 7.54 0.72 2.17 4.94 3.44 2.61 4.98 6.44 5.86 7.05 1.7 4.52 9.02 0.71 0.8 6.39 4.39 7.11 6.67 0.95 0.69 3.16 4.21 3.74 1.16 7.57 7.34 8.54 6.13 9.42 8.15 5.12 5.56 7.94 2.64 9.21 9.97 1.26 7.98 0.57 5.76 3.51 7.69 2.71 4.87 9.15 2.91 0.89 6.25 7.76 8.09 3.21 4.86 2.06 0.18 6.39 2.39 3.88 4.48 2.89 2.65 5.57 1.82 5.79 1.32 9.11 4.82 8.51 2.82 8.33 5.04 0.97 2.53 0.17 9.3 0.49 4.73 4.16 6.67 9.15 8.14 2.1 8.68 9.72 4.4 0.81 0.3 7.48
bool 91 1 0 0 1 0 1 0 0 0 1 1 1 0 1 0 0 0 1 1 1 1 1 0 0 1 1 0 1 0 1 1 1 1 1 1 1 0 1 0 0 1 0 0 0 0 1 0 1 1 1 1 1 1 0 1 1 0 0 1 1 1 0 0 1 0 0 0 1 0 1 1 1 0 1 0 0 0 0 0 1 0 0 0 0 0 1 0 1 1 1 0
bool 91 1 0 0 1 1 0 1 0 1 0 0 1 0 0 1 1 0 1 0 0 1 1 1 0 1 1 0 0 1 1 0 0 0 1 1 0 0 1 0 1 0 0 1 1 0 1 1 0 1 1 0 1 0 1 1 1 0 0 1 0 0 0 0 1 1 1 0 1 0 1 1 1 1 1 1 1 1 0 0 0 1 1 1 0 1 0 1 1 1 0 0
bool 92 0 0 0 1 1 1 1 0 0 0 1 0 1 1 0 1 0 1 1 1 0 1 0 1 1 1 1 0 1 0 1 0 1 1 0 1 1 1 0 0 1 1 0 1 0 0 1 1 0 0 0 0 0 0 1 0 1 0 1 1 0 0 1 0 1 0 0 1 0 0 0 0 1 1 0 1 0 0 1 0 0 0 1 0 0 0 1 0 0 1 0 1
int 94 67 77 6 99 35 12 11 21 22 81 79 13 24 10 63 97 33 28 4 90 21 87 90 64 99 93 52 71 63 3 31 29 60 12 77 22 68 59 48 75 94 58 84 46 6 72 13 1 39 10 58 53 23 37 7 87 50 34 56 44 39 8 28 88 41 36 26 77 29 39 15 68 46 49 9 14 51 24 4 1 19 68 91 52 75 54 99 55 47 18 40 86 29 9
int 95 63 71 47 6 4 47 20 9 37 68 91 31 8 51 99 52 5 35 73 65 49 63 39 97 25 70 29 85 21 43 97 48 59 46 62 98 74 86 73 1 29 27 27 72 32 52 18 65 40 1 23 70 68 33 53 61 75 10 4 62 21 7 42 86 80 61 87 30 98 11 81 74 20 45 34 15 85 6 49 70 24 8 76 70 19 13 92 87 1 29 1 15 94 12 40
char 95 e a k b k r r n n n t g t j n a f f j q g d c p g h c f k j e g o c i g j p e c c j s q j e d l c j a m g l t b h g c o o s f g l e e a s j f i s m c a l j e r r c s c e p l b m m l b c h o
bool 95 1 1 1 0 1 0 1 0 0 1 0 0 1 0 0 1 0 1 1 1 1 0 0 1 1 0 1 1 1 1 0 1 0 0 0 0 0 0 1 1 0 1 1 0 1 0 1 0 1 0 0 0 1 1 0 0 1 0 1 0 1 0 1 0 0 1 1 0 1 1 0 1 0 1 1 1 0 0 1 0 1 1 0 0 0 1 1 1 0 1 0 1 0 1 0
char 95 i o o m s c e j l q f t n n i i r t i m o k m j a a o o q r a m h r d c r m p g l n n n t s g k d c j p t p k t a i r n q e d h j q q g a m b l s j e p g l j m f h i s g k n f p n l t f h q
double 95 3.35 4.64 9.33 0.12 2.96 0.28 6.24 1.92 4.29 0.03 5.26 4.83 4.12 9.36 0.38 1.18 9.42 1.15 7.24 6.25 4.65 3.65 0.9 3.82 7.84 7.07 6.78 9.39 0.02 7.92 7 3.95 1.84 1.9 5.17 7.35 6.96 6.46 3.17 8.44 0.51 4.23 3.39 7.41 0.7 8.56 5.81 2.05 1.95 4.86 5.97 6.38 9.71 8.25 1.25 7.34 6.72 9.57 4.96 2.18 4.94 6.86 7.63 5.95 6.52 6.35 4.77 8.84 1.46 0.75 9.32 8.82 2.93 8.9 1.3 5.79 2.28 4.44 9.41 1.49 7.59 1.33 1.53 2.92 5.38 6.62 5.36 9.34 9.46 8.75 7.22 8.18 4.14 8.11 2.92
double 96 3.67 5.33 1.72 3.81 9.45 9.79 3.94 9.95 5.23 1.24 9.76 4.5 1.02 3.4 1.52 9.72 1.13 7.04 8.65 7.83 7.36 4.72 1.52 3.6 2.31 6.51 8.09 6.4 6.4 1.75 2.75 6.51 8.49 5.33 8.85 7.09 6.26 5.32 5.42 0.07 9.1 4.71 8.62 4.64 0.13 6.17 5.68 4.43 9.43 6.8 5.67 0.15 1.84 2.77 4.85 2.15 1.21 7.32 1.68 2.77 4.23 4.94 7.4 1.32 3.08 5.13 4.61 1.03 3.54 7.49 6.3 4.55 3.68 2.99 4.95 2.57 2.8 6.13 3.47 5.13 2.5 4.61 3.49 4.1 9.18 3.87 9.01 4.65 8.52 7.56 6.66 7.04 3.02 1.79 3.19 9.81
char 98 n c f k f a m h b i i k g d p s b e t r f r i n k i l a s t m m g o m s b b n n p t p g e d f m o g n n q n a g f e f t b t b k q r k p e b o p d o g a a o f b q b t j h l b g s t d r f f s l f m
int 100 54 87 91 34 32 64 15 43 94 91 85 72 38 86 89 45 90 94 3 92 32 53 95 72 90 14 91 20 97 27 58 41 66 59 15 76 82 26 93 34 80 70 38 4 60 50 32 15 45 95 22 36 67 78 72 96 98 40 92 83 77 59 8 26 16 51 71 10 58 27 97 4 52 60 11 4 24 88 34 49 83 38 97 21 7 8 17 20 55 16 88 57 71 7 37 43 97 5 62 26
int 102 32 81 81 60 37 52 47 75 10 49 10 10 46 16 37 6 85 16 65 67 90 93 71 96 43 5 14 36 46 2 55 18 9 86 80 40 1 46 55 48 39 25 42 29 64 92 15 5 19 1 77 81 2 1 82 13 20 49 76 2 83 30 70 97 13 41 18 19 54 57 21 77 87 78 72 22 49 71 43 75 20 64 24 65 77 52 37 78 27 72 45 10 51 41 40 55 53 43 25 48 12 62
char 102 a o i n d h o a q t d l c d l f a m s o f b t t b j e o d p k s d c n j j l c h h g l o a p s h c g k c r c d m m s t q s c c k o s f r q k i o h n c r c f d l p f g l p b q o q s g a c h g r n c j a h f
double 103 4.92 7.89 0.87 7.3 2.07 3.8 4.98 9.66 0.91 9.95 7.76 5.09 6.85 7.24 2.48 4.34 9.61 3.86 2.14 6.78 7.38 0.25 3.49 0.79 9.53 2.2 6.84 7.62 5.07 6.06 8.06 4.37 8.65 9.12 7.12 8.94 7.96 0.04 7.69 9.59 8.07 6.77 1 4.09 9.76 7.14 2.41 0.56 4.24 3.01 9.29 9.7 8.47 8.13 2.48 6.22 9.43 7.64 1.92 6.07 4.31 3.3 3.58 2.63 0.28 1.11 2.37 0.85 7.05 1.18 0.5 0.78 6.1 4.25 0.99 8.85 9.82 3.12 9.37 2.58 3.24 5.24 5.51 9.21 8.34 8.08 1.46 3.87 8.57 7.66 8.25 7.9 3.66 9.59 3.77 3.9 5.92 0.25 0.83 2.08 0.73 4.47 3.49
bool 103 1 1 0 1 0 1 0 0 1 1 1 0 0 1 0 1 0 1 1 1 0 1 1 0 0 0 1 0 1 0 0 0 1 1 1 1 0 1 1 0 1 1 1 1 1 1 0 0 1 0 0 1 0 1 1 1 0 0 1 0 1 1 1 1 1 0 0 0 0 0 1 1 1 0 1 1 0 1 1 0 1 0 0 1 1 0 1 0 1 0 1 1 1 1 1 0 0 1 0 1 0 1 0
double 105 8.25 8.34 4.62 9.69 4.07 2.9 9.91 1.37 9.88 2.94 4.52 3.8 5.67 7.05 5.7 4.23 1.36 3.31 8.67 7.28 0.3 2.42 7.26 1.43 1.19 0.09 1.95 9.34 3.32 2.83 3.28 6.2 5.82 2.33 9.27 4.53 0.53 7.8 3.72 8.54 3.88 1.5 0.82 6.25 7.2 5.25 6.18 1.29 8.6 8.3 2.12 3.98 1.21 5.3 8.92 7.55 3.07 6.53 6.96 9.16 7.86 9.03 3.28 0.46 3.8 2.71 6.55 9.23 6.19 3.84 9.82 3.82 6.72 9.55 8.99 1.48 6.29 4.81 7.39 8.47 7.03 1.35 2.51 7.32 3.33 9.58 9.39 4.88 5.19 4.11 3.6 7.44 6.47 9.73 8.57 3.7 1.81 3.08 9.12 9.28 6.09 7.65 0.27 5.6 4.45
bool 106 1 0 1 0 1 1 0 1 0 0 1 0 1 1 1 1 1 0 1 0 0 0 1 0 0 0 1 1 0 1 0 0 0 0 1 1 1 1 1 1 1 1 0 0 0 0 1 0 0 1 1 0 0 0 1 0 1 0 1 1 0 0 0 0 0 0 1 0 1 0 0 1 0 0 1 1 0 0 1 1 0 0 1 1 0 0 0 1 0 1 0 1 0 1 0 1 0 1 1 1 0 0 1 1 0 0
int 109 50 48 50 11 46 85 3 18 62 91 99 61 38 82 2 96 64 81 53 8 3 78 31 87 55 91 19 59 52 73 1 57 53 15 43 72 31 97 25 64 36 36 65 42 70 49 54 40 42 20 89 52 39 25 20 50 79 95 2 58 81 1 47 8 83 19 69 84 95 52 37 25 94 17 82 89 70 70 22 86 82 42 74 38 69 32 29 96 80 8 64 78 77 56 5 72 45 27 55 42 27 26 78 76 89 47 68 50 85
char 109 p d l p d n o s r q t g h b s q i f d s b r e q e j i h f r j q g d l c q l c c n m s i j s h l n t h h n n a c h i m t s g n q q s i h n a g j n c i k l k h a b l g r b s p b f l m b b o a h a f g e g c s n g b o k g
