int 10 inorder 774 919 403 472 603 60 233 430 117 539
int 12 preorder 394 132 492 77 928 330 927 868 194 256 302 600
int 13 preorder 894 509 895 682 919 464 656 832 376 861 405 811 177
int 14 preorder 869 980 626 486 205 792 617 604 844 161 351 613 444 448
int 14 preorder 234 940 688 168 1 809 901 985 557 392 655 944 289 661
int 15 postorder 29 931 849 434 406 91 42 618 491 160 910 75 24 982 378
int 15 preorder 866 731 670 490 410 38 235 314 597 853 150 511 28 730 359
int 16 postorder 380 9 608 290 777 567 296 662 109 485 408 962 92 804 508 316
int 17 postorder 809 730 91 331 951 126 437 224 758 970 984 189 67 745 8 541 648
int 17 preorder 474 62 763 801 919 497 538 130 721 835 553 539 920 488 394 997 126
int 17 postorder 830 681 839 432 468 203 346 240 722 61 455 566 963 841 946 96 484
int 19 inorder 980 928 984 142 792 741 169 557 299 59 817 727 184 28 666 431 353 362 368
int 20 preorder 833 486 968 859 645 663 737 309 384 448 221 779 441 948 517 808 291 275 852 946
int 20 inorder 597 572 730 125 408 661 359 201 718 32 504 496 378 866 428 460 170 149 387 648
int 21 preorder 341 744 15 977 753 498 286 884 548 637 391 763 2 617 494 700 28 121 556 334 513
int 23 inorder 374 273 62 422 42 114 107 997 327 584 316 985 57 255 186 128 559 663 382 33 60 950 44
int 25 preorder 419 421 88 203 729 453 312 813 23 882 861 217 161 745 542 272 809 920 180 719 535 765 953 397 997
int 25 preorder 542 339 842 49 260 721 351 611 384 680 77 254 765 117 301 185 257 881 896 667 375 204 942 502 566
int 27 postorder 169 571 739 74 7 381 540 378 541 208 710 628 191 72 533 898 966 341 253 889 412 773 636 212 674 297 446
int 27 preorder 72 937 392 488 444 848 612 393 899 565 370 269 548 53 259 379 681 960 711 568 186 34 196 77 155 811 662
int 27 postorder 26 791 666 888 695 993 18 145 752 103 959 141 69 714 735 336 143 119 444 197 932 700 781 881 525 57 351
int 27 postorder 509 629 98 242 292 739 530 447 779 470 107 757 567 403 150 386 453 318 153 371 742 217 267 485 362 516 918
int 28 postorder 371 511 381 136 187 143 393 992 532 807 412 906 950 587 531 805 563 113 303 785 287 772 969 439 285 866 333 359
int 28 preorder 829 689 51 935 915 447 526 898 971 604 627 32 222 290 919 202 743 979 569 269 893 721 894 389 300 823 951 187
int 31 postorder 653 181 208 782 283 759 541 921 587 681 760 246 527 337 423 54 204 147 234 346 808 326 241 586 212 276 886 868 286 791 400
int 32 preorder 180 775 97 417 817 332 384 288 844 803 218 859 407 941 433 934 202 612 788 111 710 511 456 870 500 946 345 655 159 405 959 776
int 32 preorder 411 8 782 22 571 968 236 632 877 16 50 56 805 436 594 28 948 83 499 351 790 712 969 731 164 119 244 740 262 510 494 701
int 32 postorder 743 164 103 627 907 915 158 475 130 306 64 864 664 628 689 738 835 992 307 549 244 373 861 386 223 625 154 640 286 603 809 696
int 34 inorder 240 544 820 833 551 832 749 571 268 476 854 682 477 111 685 937 399 527 722 270 499 246 983 345 562 813 632 498 24 60 227 870 249 8
int 34 postorder 561 333 553 573 216 201 220 852 892 679 761 556 391 514 799 842 936 513 377 599 656 5 215 882 691 943 271 926 121 378 455 366 906 641
int 35 inorder 13 335 827 596 24 118 246 231 707 850 792 341 883 571 739 997 545 112 536 50 488 4 90 298 905 240 65 609 443 179 783 21 797 573 796
int 39 inorder 820 754 61 812 516 471 772 169 875 716 719 990 132 188 351 283 969 164 443 297 421 783 134 494 93 436 694 798 96 852 396 534 323 232 535 430 224 280 864
int 43 postorder 180 79 13 930 695 862 56 430 187 517 950 901 376 834 832 852 235 355 97 403 442 891 7 296 762 521 909 958 337 652 855 193 993 205 400 540 684 214 708 488 388 547 40
double 45 preorder 5.93 8.39 5.73 0.18 5.85 2.47 2.2 2.5 7.14 5.95 1.54 4.87 7.3 2.69 2.86 4.14 2.89 5.35 5.44 7.17 1.92 0.72 4.09 6.82 5.1 5.62 3.24 2.09 1.66 7.09 6.94 3.17 8.2 2.22 9.66 1.02 4.8 1.7 7.38 2.53 5.56 1.85 4.75 8.95 0.93
int 45 preorder 376 764 663 561 693 197 138 553 497 935 88 300 865 989 842 229 441 387 536 810 992 44 150 225 816 751 794 325 714 975 897 402 777 498 336 157 261 406 241 239 108 968 446 626 39
int 45 preorder 453 420 125 250 604 89 606 413 767 695 600 758 52 895 716 470 546 362 301 518 236 433 370 807 851 506 780 32 39 581 840 592 327 359 644 12 223 944 238 910 554 418 369 909 798
int 47 preorder 493 723 357 752 843 134 167 615 989 326 239 802 766 455 852 725 179 904 667 334 462 543 560 84 931 871 232 991 903 839 55 583 210 408 691 587 530 619 375 826 200 460 887 824 245 15 158
double 47 preorder 9.23 8.52 9.64 9.45 9.66 8.59 5.51 7.62 0.93 1.28 9.25 2.62 0.81 7.86 7.35 9.04 5.47 2.13 3.23 7.96 8.77 8.25 3.82 3.21 7.21 9.42 4.98 5.49 6.73 3.63 1.93 6.01 4.51 6.35 4.15 5.29 6.72 6.38 4.69 5.83 8.64 6.13 4.33 1.82 7.93 8.21 8.58
int 48 postorder 733 997 69 983 364 886 875 133 27 719 600 128 921 871 762 170 21 224 611 198 407 335 633 113 625 293 508 912 49 613 708 742 910 450 942 473 872 950 693 805 471 161 249 847 749 675 657 767
double 50 postorder 6.82 5.34 6.77 0.58 9.62 3.03 6.51 6.61 7.56 5.21 8.89 0.71 1.84 8.19 7.01 2.76 0.11 0.01 5.62 2.19 7.89 5.99 6.5 2.52 3.29 7.94 9.78 0.26 6.74 2.13 0.78 5.66 1.57 0.84 1.23 1.59 6.58 4.06 8.55 3.23 2.5 1.53 6.47 0.5 8.78 2.64 0.24 8.27 5.48 4.21
int 51 inorder 967 645 339 548 832 42 567 917 421 336 266 160 759 187 432 700 33 403 256 134 491 948 713 563 88 380 199 285 926 814 990 445 356 413 217 172 409 770 982 717 394 560 224 876 270 751 755 553 772 941 25
int 53 inorder 381 452 788 621 272 15 881 862 784 475 558 225 325 33 645 656 988 291 991 905 622 197 411 751 535 809 187 593 666 451 42 922 789 493 460 485 853 300 953 358 986 51 653 241 446 863 70 940 234 670 576 899 923
int 53 inorder 373 643 852 580 774 678 389 37 805 673 638 353 335 287 148 867 509 932 331 445 173 578 163 78 936 400 563 225 884 588 395 229 834 131 243 354 444 689 139 688 686 974 948 467 534 799 525 572 735 443 171 755 87
int 58 postorder 927 572 400 970 171 3 743 810 889 105 744 898 494 626 324 611 459 317 215 499 654 697 429 851 302 394 341 27 304 843 561 378 185 521 724 366 947 881 628 218 86 149 5 409 476 597 560 649 966 690 78 373 473 320 160 118 837 351
int 59 postorder 344 167 577 199 320 981 895 777 964 3 563 883 691 177 126 670 87 221 576 373 830 707 788 521 621 299 581 219 369 732 680 968 393 527 275 935 592 696 584 455 179 648 947 949 976 824 439 333 759 78 877 752 8 462 365 808 229 240 323
int 60 postorder 446 864 487 194 676 851 386 288 972 340 277 208 36 55 229 312 826 4 318 220 39 25 88 12 609 511 328 755 594 284 158 862 540 646 494 393 13 219 235 936 792 805 807 529 559 719 931 291 437 933 647 50 51 695 533 668 153 727 739 795
int 60 preorder 296 639 342 739 167 150 893 559 191 91 670 924 937 615 228 283 301 25 439 506 373 614 327 654 870 20 34 891 264 690 403 320 685 260 192 915 475 390 28 477 716 47 444 543 384 850 594 686 753 715 431 773 799 570 86 353 392 709 419 440
int 61 preorder 925 565 16 291 947 853 685 708 891 284 6 45 275 593 390 798 53 526 557 676 563 739 241 693 571 184 998 74 992 403 748 302 119 392 350 187 511 11 24 953 107 84 549 179 447 741 85 730 623 906 341 506 371 913 909 470 794 583 285 849 544
int 62 preorder 145 845 175 518 436 401 504 545 791 384 378 85 832 167 510 404 130 242 772 321 433 848 350 768 279 567 204 149 756 786 524 354 625 221 127 90 759 971 824 612 17 671 361 471 89 456 278 141 962 859 121 8 683 876 860 964 878 307 338 390 804 55
int 62 postorder 832 649 516 269 42 962 68 536 711 585 49 153 295 902 801 437 624 844 602 764 499 773 430 95 718 722 376 231 170 770 759 291 493 992 133 895 387 221 65 717 916 517 212 981 762 574 150 423 610 638 497 335 281 569 118 354 50 620 91 695 580 952
int 63 preorder 108 121 913 728 88 574 67 854 320 23 823 61 13 84 702 240 12 518 118 77 790 504 35 173 337 112 733 669 80 93 739 792 483 806 581 110 302 329 875 115 330 549 691 783 522 361 521 164 593 248 723 54 736 887 857 42 22 130 678 633 203 859 340
int 63 preorder 227 165 626 946 170 509 665 617 112 171 169 272 143 199 851 72 683 289 431 220 281 940 408 734 364 371 883 797 368 250 462 384 137 671 604 283 142 542 800 265 566 877 98 26 273 837 477 116 55 779 402 589 930 238 680 84 650 340 145 217 13 458 776
double 63 inorder 9.92 7.01 2.33 9.93 3.64 4.89 0.03 7.82 3.85 9.79 8.64 7.18 5.29 5.55 5.62 2.69 8.25 5.57 4.35 6.8 6.65 0.86 4.08 6.56 6.42 9.31 7.53 5.7 0.45 1.23 2.35 8.92 9.47 9.72 4.99 4.85 6.09 8.37 9.48 2.43 9.42 6.37 6.51 1.08 5.12 7.03 3.54 3.4 1.19 4.11 5.09 1.04 5.89 9.32 4.19 6.66 0.19 2.92 9.96 2.96 5.19 9.51 4.86
double 66 preorder 2.48 3.69 1.83 2.13 9.19 2.77 5.06 6.65 6.93 2.07 6.44 6.78 7.94 8.78 5.4 4.86 1.97 1.21 3.53 3.88 0.02 7.82 9.69 9.72 7.19 0.23 8.33 5.59 4.37 5.86 8.25 6.98 6.89 7.52 5.29 7.86 1.01 6.2 5.58 1.58 5.64 7.28 1.08 8.38 0.55 1.98 1.99 6.76 8.36 6.52 6.85 6.17 2.73 7.72 0.94 7.2 4.71 0.19 1.72 8.92 6 2.67 8.75 2.94 9.82 0.6
int 67 inorder 925 841 228 489 453 165 545 390 308 616 181 219 872 465 178 251 490 290 279 949 411 101 59 71 498 527 623 667 572 981 824 523 238 29 170 425 328 15 933 865 993 947 380 445 61 862 122 117 368 409 988 316 733 233 358 10 363 706 23 180 723 860 552 474 675 583 664
double 67 preorder 5.21 6.74 6.96 5.01 0.08 9.46 2.11 8.05 5.23 7.01 4.29 3.63 4.66 7.79 7.31 5.79 4.74 5.92 3.46 5.93 5.27 9.29 2.86 3.25 2.19 6.39 7.44 3.18 2.22 2.83 1.17 7.47 5.71 4.44 4.32 7.85 2.63 7.77 5.37 7.64 6.22 9.88 4.22 3.68 9.31 4.5 1.45 9.47 4.12 4.95 2.2 0.42 8.1 8.97 1.41 0.99 5.42 4.31 4.08 0.07 3.11 1.23 4.98 4.61 8.56 8.79 2.18
double 68 preorder 1.34 5.9 6.8 9.72 1.83 9.61 4.13 1.38 1.18 9.25 9.49 9.22 5.58 8.12 4.02 2.86 8.5 7 8.91 6.84 1.71 2.88 6.04 8.88 0.18 9.17 9.01 2.03 3.37 2.41 8.39 4.49 8.99 0.24 7.46 3.54 6.51 6.86 7.42 4.34 2.3 3.3 6.12 9.39 0.88 4.72 4.97 0.84 0.47 7.54 2.45 5.74 3.63 7.6 9.79 0.26 8.6 2.38 7.95 0.59 9.96 5.34 5.12 5.14 2.28 7.01 2.91 0.16
double 68 postorder 5.78 1.34 4.74 1.55 6.54 0.7 1.88 5.64 2.48 4.59 9.47 6.64 0.78 4.36 0.5 2.27 8.72 7.95 2.94 0.01 7.89 7.43 7.87 4.43 0.83 9.41 5.47 4.21 3.88 7.59 4.22 7.63 3.75 7.88 9.1 3.34 4.33 7.2 2.51 1.79 1.49 9.44 1.68 1.53 5.16 1.25 6.88 5.58 8.7 9.72 9.77 5.25 9.33 2.55 7.8 4.84 8.07 6.11 2.54 6.69 0.54 6.56 3.98 4.64 4.78 9.27 6.34 5.04
int 69 postorder 950 522 143 201 34 7 597 532 545 590 76 957 136 856 868 90 948 925 914 46 745 12 268 975 436 603 290 640 804 137 366 29 770 972 120 965 382 391 977 820 708 147 749 636 432 301 528 196 953 743 789 246 56 828 837 623 637 558 774 119 465 858 814 228 96 48 838 21 253
int 69 postorder 565 443 40 752 437 909 412 31 884 941 174 359 930 240 291 527 38 808 317 984 773 615 500 571 710 694 241 16 83 962 381 453 638 166 432 916 323 917 592 324 927 152 598 721 37 645 101 62 505 981 221 772 162 922 733 539 815 791 771 666 903 52 60 198 420 955 536 510 542
double 69 inorder 5.8 0.29 9.17 7.41 8.28 8.16 5.63 3.95 2.17 0.7 9.31 1.31 9.2 9.56 0.11 7.8 7 9.23 9.15 5.89 0.14 0.46 8.72 9.84 2.36 9.91 4.39 2.15 6.43 9.94 6.42 7.11 1.85 7.91 3.05 9.87 2.8 1.08 6.05 7.98 0.59 1.97 3.82 3.3 0.79 0.39 0.05 5.59 4.09 8.46 6.85 6.24 2.92 7.82 9.48 5.21 5.37 8.97 6.16 2.75 3.17 4.33 6.58 9.46 5.96 4.22 3.47 9.67 3.55
int 71 postorder 465 315 257 52 877 377 665 540 457 633 342 286 25 499 330 485 660 890 853 891 775 303 364 413 772 37 246 192 248 837 23 830 547 746 203 952 250 464 536 140 190 337 768 908 942 161 141 189 406 752 370 169 349 130 85 986 954 682 380 943 430 823 863 90 991 855 806 267 563 83 291
int 71 postorder 612 293 677 405 940 708 736 556 99 778 333 541 121 814 96 509 195 397 124 392 843 424 136 537 782 144 881 92 880 673 764 191 123 544 95 365 443 493 294 350 332 330 476 545 248 281 425 273 684 20 34 553 798 867 826 222 763 396 996 457 998 751 568 620 512 650 520 808 961 724 649
double 71 preorder 6.62 4.3 2.6 9.81 4.43 2.75 6.16 5.75 1.63 0.11 8.63 4.02 7.07 2.84 5.03 5.48 1.26 4.03 4.59 3.77 2.52 0.82 5.96 0.49 0.01 9.62 4.57 4.55 8.1 0.67 5.69 5.55 2.38 3.71 3.1 1.49 3.54 1.66 3.2 9.3 0.6 5.77 0.19 7.52 8.83 3.76 4.72 0.36 2.67 0.38 3.26 4.12 0.07 2.07 2.03 0.03 4.88 7.47 4.41 5.02 7.79 1.58 5.39 3.42 3.23 5.49 9.74 0.74 7.59 9.46 4.51
double 72 postorder 3.98 3.15 4.13 3.04 4.8 4.01 0.44 5.22 8 3.14 0.72 8.07 0.46 9.06 1.8 9.52 6.29 3.24 4.76 3.76 2.81 7.3 3.62 2.08 5.78 5.19 8.71 7.8 4.27 1.74 0.75 4.18 6.8 4.63 1.77 9.76 0.18 5.82 1.65 6.53 7.79 4.95 8.68 8.42 2.56 6.12 5.54 4.5 4.53 5.58 3.35 2.72 8.09 8.23 8.01 0.74 6.38 5.31 9.37 3.32 8.34 6.61 8.95 2.34 4.85 7.85 8.08 1.79 5.33 7.17 8.32 8.67
int 72 preorder 602 487 158 347 508 530 803 752 45 646 389 676 144 99 591 654 967 929 994 247 399 946 754 317 140 511 562 289 620 521 968 947 69 518 879 756 381 912 210 767 112 220 535 976 189 314 128 554 983 771 310 101 316 446 282 934 624 712 906 587 339 704 404 565 10 79 830 719 857 892 262 153
int 75 inorder 166 848 196 898 252 172 721 990 191 989 268 912 165 402 298 341 236 227 288 585 201 725 372 47 316 914 340 628 814 9 138 71 222 842 470 976 856 631 95 515 947 127 335 199 678 909 205 306 304 505 24 695 496 457 12 433 841 996 60 207 164 855 974 504 178 273 576 857 393 36 451 92 109 353 78
double 76 inorder 5.53 3.63 3.73 3.67 4.29 0.14 5.09 9.54 1.9 6.64 6.26 7.49 6.1 2.65 0.02 9.9 3.76 6.71 0.47 1.34 0.2 5.48 4.48 1.44 5.24 6.54 5.59 4.76 2.7 9.12 6.96 4.07 0.77 5.46 2.26 2.37 0.46 7.21 1.55 7.3 7.45 7.13 4.26 7.85 6.65 7.54 5.66 0.17 5.71 3.8 3.74 6.89 6.04 4.51 9.79 6.75 3.85 8 5.3 6.66 5.94 8.38 2.12 0.21 4.84 4.3 2.94 0.52 1.01 0.95 1.75 9.77 2.81 0.88 0.71 8.89
double 78 postorder 6.11 7.71 8.02 3.93 7.34 2.49 1.74 3.42 4.78 8.57 1.54 2.26 5.3 2.74 6.61 6.96 7.03 3.94 2.48 0.71 8.27 6.34 2.83 2.69 1.5 3.19 2.15 7.61 9.71 7.91 2.82 9.35 0.45 0.32 3.32 9.14 0.48 6.23 1.91 9.69 5.47 8.18 4.65 8.36 1.16 4.87 7.05 0.97 5.81 6.71 7.37 9.46 9.43 1.56 9.65 0.88 0.79 6.42 2.65 5.71 1.08 7.86 6.17 1.39 2.81 3.58 0.54 3.67 6.27 7.7 0.49 1.76 6.36 5.84 9.08 6.1 7.96 5.95
double 79 preorder 9.89 8.9 4.43 6.65 7.71 5.65 3.58 5.48 3.8 3.94 1.69 8.55 6.54 4.91 1.17 0.99 1.9 2.07 2.86 0.74 0.4 8.58 9.07 9.98 2.56 2.82 1.58 5.4 1.14 7.73 5.16 3.59 5.21 5.7 7.68 8.79 4.78 5.63 5.67 1.24 0.11 5.06 5.9 3.3 7.04 3.11 5.38 0.48 1.32 7.45 9.87 8.76 6.5 2 2.85 0.47 9.33 3.51 2.11 2.16 6.88 8.01 5.97 2.79 6.59 7.02 9.03 7.44 5.81 3.75 6.37 6.72 5.82 1.76 6.55 3.99 8.32 6.15 7.78
double 79 postorder 1.69 4.37 9.72 3.45 6.32 6.71 0.21 6.15 6.92 6.51 6.9 6.47 1.47 3.67 6.75 1.29 6.96 7.66 0.34 3.04 0.99 3.63 9.75 1.34 2.54 1.21 2.77 3.98 0.46 2.7 1.96 5.51 5.38 2.56 2.28 4.55 2.43 3.88 8.96 0.23 6.23 9.78 7.41 7.31 9.22 5.53 4.88 3.34 7.29 9.04 9.58 0.18 1.25 4.68 0.03 4.9 4.84 7.3 1.8 3.22 3.09 7.85 1.74 8.43 6.54 2.46 8.81 2.11 8.35 1.87 7.69 3.86 8.92 2.04 6.42 4.74 2.06 4.97 1
double 80 postorder 7.2 1.08 3.4 9.6 7.29 3.51 8.99 3.83 9.68 8.01 2.07 8.13 7.96 8.18 4.3 4.84 6.51 4.19 3.42 8.78 7.92 1.47 0.94 6.99 2.55 8.12 2.84 7.81 3.01 1.17 4.91 6.48 5.13 0.09 8.91 0.96 4.09 5.24 9.85 2.14 5.51 3.32 4.93 1.03 5.34 3.65 7.44 7.15 3.24 2.43 9.84 2.35 7.98 9.39 2.51 0.87 0.34 2.88 2.64 0.23 0.84 5.61 6.8 7.95 6.45 7.1 1.84 3.59 7.04 5.25 4.31 8.21 3.53 9.28 6.5 2.74 9.04 8.62 6.72 2.18
int 81 inorder 236 689 663 195 474 917 509 419 962 369 211 686 437 862 817 261 958 739 731 590 38 938 658 399 425 470 848 735 871 571 173 709 568 555 508 217 279 490 428 607 113 963 40 660 140 706 959 856 553 309 178 506 955 347 723 612 696 793 353 844 747 606 975 596 605 415 378 530 481 491 459 440 510 220 238 187 460 948 364 957 71
double 81 inorder 0.55 0.86 1.35 4.96 1.21 1.5 3.47 4.83 5.27 3.01 1.41 0.26 4.64 5.77 7.74 2.93 4.3 2.88 2.13 5.08 4.33 4.13 5.47 2.59 3.53 1.3 5.49 5.92 5.72 2.74 7.65 4.92 5.56 3.19 5.97 2.95 8.12 1.24 9.92 5 2.18 9.16 0.46 2.49 5.26 3.4 7.15 7.94 3.81 2.35 7.34 7.12 4.66 7.75 4.95 6.7 2.63 3.23 1.98 1.9 8.49 4.17 5.6 3.55 9.43 6.36 6.96 4.53 8.06 2.85 3.63 1.38 2.73 0.83 9.47 2.61 7.23 9.15 6.09 4.5 6.13
int 85 postorder 799 264 607 778 386 943 385 314 303 849 379 858 519 390 731 683 400 155 614 39 501 131 241 159 623 523 29 667 702 603 929 442 282 40 545 280 237 570 571 530 712 9 332 284 733 98 676 662 830 527 592 489 671 971 97 377 704 317 670 968 656 124 276 882 737 717 479 730 896 240 358 145 115 718 330 130 693 871 762 888 868 739 542 812 582
int 87 preorder 154 325 93 52 169 103 390 125 180 310 840 641 199 262 465 847 954 77 672 838 441 920 648 835 328 907 376 570 654 663 149 991 975 949 223 221 955 515 344 880 818 415 21 728 541 168 345 121 807 972 768 938 309 668 279 725 65 399 517 95 544 122 640 191 320 437 418 212 260 596 547 529 646 554 271 92 272 369 466 786 587 143 84 82 118 639 535
int 87 preorder 584 582 126 345 992 873 923 856 664 364 226 875 825 546 543 672 808 579 296 268 303 671 24 568 322 544 940 256 692 76 950 677 807 897 806 793 181 978 23 516 612 182 448 501 996 146 651 100 75 216 81 691 421 886 814 630 486 929 169 655 372 884 360 166 129 116 361 44 811 245 186 471 171 374 796 735 430 513 475 234 928 802 220 723 375 184 103
double 88 postorder 7.53 1.03 8.7 7.73 1.13 3.49 7.17 3.72 7.56 4.04 7.02 1.02 2.9 8.55 2.67 8.2 5.51 6.56 2.39 2.86 6.43 4.37 2.69 5.73 0.91 6.83 6.2 3.83 1.79 8.77 0.2 1.91 6.95 6.81 1.65 5.61 0.92 2.83 6.16 1.27 5.86 4.5 7.59 8.98 7.06 7.3 4.43 4.7 8.1 3.85 4.91 8.26 9.59 7.61 9.42 9.74 9.12 4.09 9.37 8.89 5.43 9.93 7.85 1.34 2.59 7.22 8.85 2.22 8.13 0.88 8.03 2.11 7.5 1.07 0.96 8.43 4.53 8.64 6.55 7.08 5.2 5.48 9.8 4.93 0.98 5.69 3.24 4.67
double 89 inorder 2.53 0.17 9.3 0.49 4.73 4.16 6.67 9.15 8.14 2.1 8.68 9.72 4.4 0.81 0.3 7.48 0.91 3.94 3.03 0.23 7.85 3.22 5.49 9.53 5.8 4.44 0.86 7.75 7.31 9.05 1.26 2.33 5.52 4.76 7.57 3.17 8.73 4.32 9.67 9.65 0.69 2.21 0.95 2.57 3.19 1.98 4.13 7.77 0.01 9.88 8.59 9.21 1.95 1.96 2.2 0.53 6.2 6.08 0.39 2.45 6.99 8.38 9.74 1.93 7.25 8.96 4.95 6.93 4.92 8.34 1.74 1.75 7.01 4.91 8.71 3.68 7.16 6.24 5.96 5.21 3.81 2.06 3.09 0.44 4.25 1.2 0.38 0.03 8.8
double 92 preorder 5.11 5.77 2.13 0.73 3.25 0.39 5.72 5.03 6.08 9.46 1.27 8.73 0.5 5.52 2.76 6.62 3.48 2.55 4.59 0.05 7.21 5.46 7.08 8.25 0.65 4.02 2.66 5.29 5.45 6.15 4.57 6.06 5.73 4.08 5.15 6.11 6.64 0.11 4.46 9.58 2.61 8.27 3.85 5.96 8.69 0.18 8.22 3.17 1.82 6.91 5.4 4.54 9.63 1.01 7.44 5.09 8.91 7.46 0.75 5.6 1.15 2.95 0.9 0.04 1.47 9.37 4.12 3.52 2 5.38 3.62 7.66 2.91 4.24 9.39 5.37 4.64 7.88 1.29 7.48 7.4 5.83 8.93 6.7 3 5.63 1.45 2.34 9.74 2.82 6.1 2.56
int 93 inorder 927 498 661 679 176 469 664 37 492 304 589 715 921 536 322 175 347 236 853 676 440 996 242 230 442 216 456 924 707 835 940 731 124 663 748 424 916 706 317 253 10 189 154 53 373 386 190 612 422 803 222 650 628 828 964 570 334 323 418 785 497 364 845 694 893 995 632 556 743 757 170 345 398 70 897 562 183 737 877 721 512 462 73 673 968 776 906 76 885 883 116 305 301
double 94 postorder 5.28 7.4 8.46 6.56 7.44 1.12 5.52 5.2 3.38 6.29 1.1 8.84 3.66 2.05 8.22 6.96 8.42 6.73 2.81 6.22 9.39 0.66 3.83 7.18 1.56 9.38 3.23 5.81 5.7 1.86 5.63 0.99 4.39 7.04 4.88 5.53 3.32 1.18 8.35 2.59 5.92 1.82 0.39 1.22 3.09 2.57 2.68 3.68 3.3 5.88 2.95 3.21 5.01 6.36 6.93 1.8 0.01 2.39 3.27 9.53 9.66 0.07 6.18 6.58 7.51 3 8.08 4.97 3.72 2.97 3.31 6.57 4.36 3.16 6.88 3.92 5.36 3.1 4.6 2.96 0.54 3.08 4.45 5.62 0.22 5.67 6.03 8.59 6.16 7.81 1.17 6.86 8.4 6.09
int 94 postorder 65 112 435 591 553 864 7 794 319 931 803 498 441 496 550 635 587 362 930 644 400 704 24 665 510 81 511 978 667 377 339 679 753 217 213 182 857 876 743 890 883 867 817 298 17 598 582 975 469 85 684 995 681 330 178 77 299 625 199 432 406 78 946 234 224 172 556 46 738 983 419 194 23 37 482 562 737 611 281 26 35 14 617 39 98 749 164 847 699 731 47 863 32 403
int 95 preorder 651 468 939 409 444 957 843 729 827 808 602 395 819 428 385 634 2 657 720 597 182 277 125 503 191 87 511 306 393 716 766 84 699 662 713 482 153 963 241 780 221 852 628 492 384 739 430 137 88 440 96 470 890 491 899 972 626 333 521 953 788 225 727 882 812 539 976 386 689 987 262 429 49 754 342 746 989 105 894 674 434 573 344 289 245 893 929 349 707 803 810 730 251 834 335
int 95 postorder 904 772 819 454 213 519 919 865 38 696 920 145 511 848 416 805 75 580 408 400 414 721 311 844 364 656 298 855 970 344 907 709 180 265 794 133 189 527 87 384 109 317 26 121 169 284 674 347 236 546 795 818 177 694 160 544 42 390 979 943 541 989 149 301 911 349 147 941 367 206 152 646 704 914 583 515 961 314 436 773 363 329 881 488 255 677 200 119 108 701 964 765 155 998 609
int 97 postorder 854 509 887 743 790 739 168 172 546 74 148 559 990 932 906 262 921 443 384 737 300 890 733 272 101 909 652 610 654 563 724 954 472 997 742 197 603 375 324 944 714 719 612 233 541 818 323 927 285 113 695 520 50 955 182 983 777 284 543 836 326 62 492 54 760 189 930 44 164 828 728 123 749 992 227 120 10 809 232 618 92 726 497 176 782 11 908 527 274 334 794 258 876 596 914 805 171
double 98 inorder 5.49 6.55 5.03 0.54 1.36 1.96 9.64 5.33 2.42 6.8 7.87 8.94 0.06 2.06 5.45 9.06 8.75 1.7 5.36 0.31 3.64 0.4 6.82 2.91 1.43 8.68 5.79 8.27 6.2 5.52 2.74 9.31 3.21 3.24 6.29 9.07 3 3.62 5.84 8.8 5.96 0.73 9.09 9.69 5 6.27 1.92 2.96 1.34 2.32 6.6 6.81 4.2 7.27 5.17 6.51 8.09 9.46 0.88 8.16 1.19 7.16 9.82 0.3 2.95 6.28 3.31 0.62 2.8 5.67 8.21 4.17 2.52 1.56 8.95 9.51 5.28 5.06 6.98 5.74 5.71 1.84 4.06 7.62 0.8 7.63 7.29 5.88 3.28 8.79 6.43 4.76 0.9 2.87 5.73 3.85 2.46 7.3
double 99 inorder 3.21 8.9 9.9 6.77 7.74 7.83 1.27 5.96 6.61 6.03 6.11 1.81 6.44 8.29 5.8 7.37 3.02 4.68 1.24 5.63 6.8 9.04 0.34 4.9 3.73 7.45 0.08 7.59 7.85 8.64 1.6 3.82 1.88 5.2 9.06 8.99 7.46 8.83 2.47 2.72 3.59 3.95 8.53 8.74 9.55 8.38 2.37 7.9 3.62 6.51 7.1 2.09 9.75 8.09 2.67 5.81 5.02 9.51 9.05 6.54 9.81 4.4 2.08 1.72 4.36 8.41 0.43 0.95 0.9 5.9 4.63 0.69 2 9.07 9.6 6.3 8.34 2.26 9.91 4.84 8.04 3.11 0.54 2.11 9.2 5.59 1.43 5.12 9.71 3.68 1.04 9.78 7.33 5.85 6.59 1.56 5.08 0.44 0.41
int 100 preorder 3 439 474 363 898 586 147 654 553 260 697 398 648 416 628 489 521 157 177 25 607 459 829 470 255 923 948 864 341 197 741 403 814 29 585 787 80 312 537 266 164 4 314 749 701 896 367 327 268 330 735 329 719 315 818 102 111 631 270 481 249 117 40 272 988 104 918 206 704 62 844 379 251 832 603 349 906 469 674 815 753 411 538 187 977 512 96 248 434 353 779 98 43 493 424 461 615 166 462 893
double 100 postorder 1.03 2.35 6.64 3.58 0.59 5.01 3.77 8.82 8.7 7.8 2.51 5.28 9.12 5.57 9.96 6.94 3.07 2.86 5.46 1.84 5.55 8.22 6.69 4.66 6 8.95 7.68 4.83 2.1 0.2 5.93 4.17 0.82 1.48 0.19 3.33 3.14 0.77 5.56 7.03 5.99 5.58 2.83 5.51 6.42 5.54 8.62 2.28 6.89 0.46 8.21 8.08 6.88 3.4 3.31 3.9 4.68 0.94 8.97 7.3 7.84 5.03 2.44 3.06 0.98 1.34 8.13 9.11 1.4 4.2 8.16 6.2 8.98 1.17 9.79 5.49 2.94 9.1 9.52 3.57 5.61 3.48 2.45 2.16 7.73 0.68 9.16 4.47 7.98 5.14 0.22 0.27 0.54 2.43 0.78 2.22 8.9 8.3 2.38 7.22
int 101 inorder 861 645 503 73 320 818 838 630 307 706 551 272 302 908 498 760 922 843 688 279 310 763 118 365 319 45 163 584 2 492 611 974 927 105 95 254 205 775 726 701 812 439 46 875 433 275 801 958 961 776 360 444 892 595 564 853 247 656 215 639 98 485 538 727 865 728 12 41 235 114 513 668 367 749 626 625 490 722 112 886 483 495 147 685 462 431 374 17 201 471 687 591 750 54 398 214 683 479 963 402 631
int 103 preorder 821 851 84 166 665 87 666 145 81 513 358 812 6 867 912 381 908 202 712 243 7 200 984 720 300 701 990 93 329 444 144 800 896 13 597 259 23 653 663 177 988 952 684 313 635 208 474 793 111 956 598 813 983 209 333 950 787 566 250 378 359 613 672 167 779 445 505 650 991 116 353 141 274 14 164 224 939 828 179 341 763 151 834 114 83 688 948 565 51 533 904 278 493 823 379 711 531 344 254 406 744 799 777
int 105 postorder 105 259 857 761 9 567 861 272 905 642 485 568 649 118 814 682 677 312 164 66 941 430 302 796 691 94 432 647 726 609 530 577 671 213 854 218 570 728 787 878 249 798 123 11 247 860 460 221 899 547 527 719 634 601 724 385 436 452 825 115 132 167 902 245 859 752 143 313 695 6 315 162 997 365 656 785 276 68 57 538 887 80 197 683 736 153 394 795 708 730 847 920 428 738 10 135 554 816 751 864 243 170 424 139 628
int 108 preorder 856 443 597 981 797 162 694 427 221 40 305 818 608 16 225 71 24 425 934 90 154 658 606 52 957 201 879 773 46 389 42 716 983 433 567 404 973 878 109 766 125 190 530 586 307 603 509 67 986 613 989 13 91 279 296 387 642 320 281 384 725 925 83 568 984 912 183 192 269 605 152 918 310 556 222 824 478 286 461 631 678 138 654 332 561 227 990 675 529 198 798 130 30 133 436 569 742 365 440 624 698 309 275 500 450 301 842 372
int 108 preorder 984 668 330 136 980 178 214 180 114 548 110 575 903 355 749 549 26 518 385 912 171 561 953 150 74 659 107 743 85 63 639 989 463 476 900 31 475 240 763 237 841 123 985 55 221 689 760 573 859 160 883 595 79 28 679 5 100 616 233 568 576 813 166 456 919 925 564 284 430 756 287 153 352 961 694 494 532 683 486 19 56 719 65 714 948 283 579 757 318 468 784 66 842 642 16 348 612 964 993 920 500 590 816 265 290 632 122 675
double 108 postorder 4.91 0.39 3.01 9.16 3.77 3.12 8.68 8.3 3.86 8.62 1.63 1.72 0.05 5.28 1.08 1.09 5.16 2.15 4.01 9.67 0.6 7.87 9.96 3.59 9.41 9.79 3.76 5.65 2.56 9.83 5.99 9.15 0.73 6.84 9.18 7.16 5.54 5.78 6.12 8.91 0.16 2.47 9.73 7.3 3.9 9.86 4.18 9.98 5.07 2.73 8.79 5.74 4.06 7.96 2.08 5.73 7.76 3.31 5.64 5.93 8.55 3.02 5.94 2.42 5.39 6.43 9.64 8.49 8.83 7.48 4.42 7.34 5.5 4.35 5.29 8.74 4.56 5.98 1.28 7.83 5.43 3.8 1.51 1.76 4.27 7.37 4.41 3.67 3.23 2.55 7.68 1.38 1.91 4.22 6.52 1.39 0.85 4.3 2.17 8.88 4.48 2.74 3.03 6.55 2.96 4.97 3.47 1.13
double 108 preorder 3.59 0.9 0.79 0.51 8.24 0.86 6.59 1.04 5.43 7.31 7.21 9.53 3.01 8.87 3.6 9.61 1.34 0.28 0.44 2.83 5.68 1.75 9.26 0.59 3.03 5.61 6.86 6.54 3.95 2.24 7.83 4.96 5.99 4.54 8.37 0.57 2.13 3.4 9.16 2.59 5.15 4.14 6.19 8.54 4.86 7.58 0.83 1.72 6.46 7.01 9.8 2.4 1.66 3.02 4.35 2.61 0.61 2.05 2.41 1.08 3.09 6.8 8.15 5.4 8.08 9.63 0.37 5.6 9.18 8.18 0.73 1.56 7.52 6.01 2.75 1.35 8.03 8.36 7.29 5.55 6.3 2.17 3.1 1.74 6.16 0.05 3.33 9.62 2.42 1.12 1.4 5.01 2.98 1.59 3.72 4.94 4.65 0.78 5.1 2.44 8.74 6.6 5.18 4.95 1.58 5.92 6.29 1.46
double 109 preorder 3.15 3.23 5.15 7.43 2.83 7.51 0.82 1.05 9.93 8.53 9.71 7.92 7.12 2.52 8.37 6.68 2.44 4.35 4.03 2.86 5.38 8.82 7.3 1.87 5.26 4.52 6.29 6.67 7.16 8.46 0.15 6.36 2.11 6.38 2.58 3.22 1.25 5.74 4.47 8.08 8.9 9.96 5.93 5.14 1.32 0.66 5.92 4.49 6.61 8.29 0.62 0.2 0.25 1.09 3.84 3.32 3.72 6.28 7.23 6.88 5.33 9.66 8.88 4.51 8.6 2.99 2.74 9.6 3.14 3.59 4.72 3.7 9.4 5.72 5.47 4.68 4.44 6.54 3.3 7.7 4.7 7.72 1.88 5.44 6.83 8.87 9.57 2.72 7.75 5.82 7.95 8.63 9.39 8.45 9 6.78 0.14 0.13 0.06 3.21 6.43 8.02 4.64 8.36 6.73 5.42 2.1 4.94 6.1
double 109 postorder 1.15 8.7 1.42 1.56 3.83 2.23 3.58 8.35 7.05 8.03 0.5 2.62 4.79 5.37 8.68 5.4 6.86 9.93 1.39 2.49 5.33 4.78 2.9 6.78 5.26 2.73 4.71 3.85 7.86 0.85 9.84 0.46 5.18 0.26 6.8 1.7 0.34 3.99 1.92 0.75 8.48 9.96 7.45 0.21 2.45 2.81 7.98 5.74 7.55 1.69 4.23 5.2 9.36 2.37 7.85 9.39 3.77 9.67 2.75 4.5 6.19 3.84 2.28 4 5.49 2.3 3.69 0.18 8.05 0.67 3.4 5.57 1.79 4.07 2.13 4.91 9.05 6.65 3.42 8.13 9.64 6.73 8.71 1.14 2.42 4.7 0.42 4.63 0.08 7.95 3.1 2.08 9.47 6.62 0.62 9.92 2.67 3.73 8.77 1.5 9.28 5.28 4.9 2.14 4.77 0.54 1.52 0.32 4.58
double 109 postorder 0.24 5.03 0.41 4.13 4.87 6.37 2.64 2.15 2.94 1.32 6.85 9.93 8.9 6.26 6.54 3.64 6.24 3.75 6.04 3.62 9.57 0.57 2.4 0.93 1.19 4.18 8.75 9.17 3.8 5.48 5.57 4.68 2.22 9.37 0.94 2.81 6.27 6.33 0.87 2.05 4.62 4.98 6.43 2.92 9.65 4.51 4.47 0.99 4.32 6.06 5.75 9.78 1.79 7.75 6.78 1.11 6.49 6.92 4.89 6.11 2.25 7.32 8.15 9.4 3.12 1.3 0.31 7.77 0.52 1.8 1.05 6.69 1.57 8.69 1.45 1.99 5.93 8.77 2.2 6.42 2.85 1.03 0.05 8.33 6.98 9.62 7.63 1.49 9.88 1.46 0.11 8.71 0.16 5.8 1.54 5.07 4.64 0.72 1.4 6.97 8.38 7.73 0.69 7.92 0.86 1.12 9.06 9.72 5.24
