int 10 8 348 588 185 954 673 189 162 956 829
int 10 763 360 910 165 53 278 44 299 745 479
int 12 203 837 556 722 802 902 99 591 704 877 508 919
int 15 910 75 24 982 378 603 353 234 155 419 727 53 128 754 397
int 15 846 393 394 28 839 332 262 23 817 742 123 778 954 412 172
int 17 933 937 623 414 209 164 305 564 538 779 1 279 684 66 865 907 236
int 18 173 714 748 511 899 27 6 476 808 2 850 915 575 453 922 929 303 409
int 19 866 172 482 998 139 633 915 397 422 736 315 789 707 35 948 533 909 780 463
int 20 725 846 139 550 307 17 777 590 41 871 439 108 360 197 698 223 501 793 569 780
int 22 822 289 830 18 534 535 716 341 744 15 977 753 498 286 884 548 637 391 763 2 617 494
int 24 6 472 288 960 974 651 715 958 919 717 880 217 132 164 753 495 44 486 605 489 349 696 508 115
int 25 84 362 68 583 899 13 859 956 522 395 252 572 759 503 328 851 632 621 870 70 938 419 421 88 203
int 25 49 260 842 721 351 611 384 680 77 254 765 117 301 185 257 881 896 667 375 204 942 502 566 675 293
int 26 651 977 367 5 623 873 639 935 806 62 458 636 526 152 440 896 76 493 352 899 742 548 522 371 773 900
int 26 722 197 256 967 736 937 887 125 545 596 303 416 348 915 883 384 746 962 942 543 595 578 218 702 402 873
int 28 69 385 848 769 875 15 991 838 190 775 711 272 277 776 882 260 814 645 347 877 530 531 790 105 637 38 652 388
int 28 241 208 597 481 19 623 675 321 949 610 49 642 710 856 250 20 788 317 784 338 902 331 246 619 104 472 497 15
int 29 616 649 101 431 566 257 336 332 308 555 140 334 339 322 564 437 907 954 249 161 764 174 361 988 905 493 497 193 513
int 29 333 98 644 220 324 322 458 446 733 610 135 8 473 459 371 511 381 136 187 143 393 992 532 807 412 906 950 587 531
int 29 839 461 702 624 374 636 165 309 771 766 326 310 582 621 831 100 970 749 42 144 296 24 667 625 29 223 141 207 683
int 30 968 539 646 597 932 436 686 433 866 83 749 428 4 212 627 531 871 350 207 684 373 837 186 346 902 177 841 526 102 149
int 31 516 381 89 699 289 871 983 305 942 959 362 156 590 957 854 438 620 320 57 621 762 478 388 542 408 401 190 552 422 380 775
int 34 956 33 711 414 965 691 740 945 733 19 583 699 138 764 925 397 122 954 716 448 867 275 152 8 826 61 757 934 1 484 652 254 707 808
int 36 997 597 466 231 699 117 665 380 495 115 438 915 512 940 878 161 949 842 139 549 301 880 629 807 114 970 746 655 145 329 638 226 846 121 524 323
int 36 787 99 783 252 71 89 509 210 744 496 478 10 678 495 512 239 508 799 927 992 694 929 829 786 748 53 364 73 490 363 298 577 362 734 377 571
int 37 695 570 502 215 664 994 520 289 214 356 855 3 579 572 636 689 843 930 416 212 213 553 920 114 441 176 806 85 560 739 958 656 59 919 105 16 887
int 38 127 12 341 733 431 580 848 501 574 895 978 226 590 524 313 787 425 758 59 28 473 598 967 819 246 495 630 208 790 365 514 116 364 219 782 921 348 754
int 38 757 776 150 429 627 295 165 497 822 320 766 569 299 599 292 551 250 618 332 88 172 191 635 652 581 259 846 630 245 860 513 163 573 857 17 904 459 691
int 39 829 98 766 859 719 460 828 15 67 843 6 678 687 472 334 660 104 322 862 245 888 368 287 504 628 610 536 48 568 353 449 627 100 280 282 767 584 789 119
int 41 317 634 614 505 606 664 551 241 593 396 941 81 322 648 770 379 228 890 215 819 953 992 684 328 697 309 259 892 591 49 154 492 874 204 471 231 383 484 748 637 353
int 42 777 300 391 16 615 241 605 724 220 811 835 137 487 30 885 741 121 769 675 972 601 150 33 375 26 75 268 387 47 175 639 164 406 515 725 757 197 481 900 191 238 903
double 42 5.61 0.52 9.43 0.69 8.12 9.54 5.41 9.7 6.64 8.04 5.43 4.37 4.29 0.24 9.68 9.41 4.69 1.06 5.67 9.85 1.3 7.98 7.35 7.54 3.27 7.23 6.21 2.16 3.83 7.08 1.08 5.21 5.45 8.86 1.55 0.45 0.76 2.33 3.05 9.18 9.94 1.69
int 43 357 862 36 252 657 810 677 28 652 998 879 714 391 376 264 107 498 425 220 65 275 93 768 27 310 244 280 217 451 499 878 117 527 118 15 424 59 57 954 274 232 509 162
int 43 522 750 838 124 861 972 542 569 99 450 45 884 913 168 408 102 321 208 481 503 121 915 3 258 388 697 266 633 111 218 920 829 286 188 432 853 795 945 648 771 485 220 567
double 44 5.68 7.72 0.91 0.33 8.46 2.61 4.89 6.87 0.39 2.73 2.39 2.17 5.87 9.61 4.61 9.37 2.08 4.26 7.65 1.7 5.66 8.97 2.28 1.74 1.55 9.17 7.9 1.14 1.53 9.23 7.08 7.14 2.38 8.56 8.57 4.28 8.53 3.92 8.94 7.62 4.71 7.4 1.19 9.66
double 46 0.35 7.66 5.4 7.4 6.33 3.61 2.11 3.67 0.43 1.46 4.78 8.66 0.06 4.75 9.92 8.01 4.97 6.56 7.73 1.01 3.95 9.24 3.44 8.55 4.13 1.59 0.17 8.43 7.72 5.03 0.21 3.54 2.83 1.71 2.56 8.27 6.2 5.69 8.63 4.83 8.44 8.98 4.87 2.34 4.16 3.87
int 48 425 562 767 749 154 8 141 55 456 309 64 982 568 336 163 663 684 594 346 396 569 631 446 403 544 283 892 951 194 555 477 748 617 600 324 223 377 480 357 80 872 50 758 136 512 150 318 442
int 50 595 430 116 226 888 840 412 552 730 887 314 706 394 72 126 503 791 605 193 283 130 736 343 300 280 427 830 635 815 896 456 970 984 671 48 508 559 312 132 287 625 841 849 492 558 944 253 701 13 665
int 50 772 927 964 988 896 970 519 206 359 955 2 757 665 693 444 107 311 417 375 678 801 800 464 309 489 667 767 59 302 427 843 685 777 650 26 88 976 541 45 542 743 877 71 702 571 511 428 347 115 431
double 51 0.42 6.52 3.86 6.04 6.62 5.7 0.1 0.55 9.45 2.05 8.04 4.83 4.4 2.76 8.17 1.04 5.35 1.13 4.01 4.71 5.36 3.37 5.09 3.34 6.03 5.27 1.41 4.56 4.13 6.31 0.11 7.66 9.14 3.48 6.27 4.68 5.37 0.73 3.84 5.93 5.46 9.37 4.62 3.49 8.66 6.81 1.54 8.68 8.81 3.68 8.91
double 51 9.35 6.44 2.19 0.49 2.44 4.68 3.41 4.32 7.73 9.88 2.78 8.11 4.81 5.68 5 9.72 7.75 1.72 0.44 2.91 6.73 2.22 1.2 7.88 8.53 9.67 6.45 3.39 5.48 8.32 0.42 5.67 9.17 4.21 3.36 2.66 1.6 7.59 1.87 7 0.33 4.03 2.56 1.34 4.91 9.48 7.13 5.63 0.88 3.8 1.99
double 52 2.34 5.37 1.03 8.01 4.31 5.8 2.78 9.71 1.26 6.09 1.1 7.72 0.05 9.94 7.95 3.39 7.77 8.18 6.47 5.51 3 1.4 1.21 2.29 2.51 1.32 2.43 4.73 4.36 0.88 2.52 8.64 4.55 5.4 8.93 4.61 7.26 8.67 9.65 8.24 3.88 1.19 5.47 9.68 4.58 9.03 2.9 1.87 3.81 8.76 4.32 4.94
int 55 546 757 822 742 616 516 281 136 975 277 474 415 584 580 492 574 517 835 128 396 525 387 466 812 61 331 730 181 602 231 233 814 921 355 408 306 308 106 407 798 850 694 756 198 916 154 523 552 352 640 528 419 481 239 334
int 55 711 246 371 432 967 272 957 330 654 459 214 959 427 598 400 126 55 786 635 555 53 875 823 424 649 367 455 230 726 558 394 265 879 185 490 189 540 75 765 61 50 979 744 526 638 54 767 529 973 397 521 442 657 354 857
int 55 796 807 533 309 901 152 595 305 282 594 605 609 167 792 278 869 178 925 725 829 371 585 966 327 119 87 767 624 60 797 716 132 513 579 428 715 722 701 724 664 705 995 179 836 63 602 241 368 197 365 545 713 639 933 412
double 58 5.03 7.7 4.6 1.19 0.14 0.98 1.3 9.22 4.57 4.54 9.94 3.49 6.24 6.64 7.14 3.69 9.31 0.89 3.5 2.94 2.36 6.47 4.42 6.35 7.4 9.35 0.99 5.66 0.79 8.08 1.7 5.61 5.37 4.34 1.81 3.79 8.32 2.05 1.01 7.51 2.67 5.29 9.51 8.61 8.82 7.64 6.88 7.04 9.06 0.65 9.29 7.62 4.52 2.22 9.11 9.47 6.16 9.55
double 60 7.77 9.64 0.03 5.63 8.83 6.91 1.77 1.26 6.7 0.87 2.21 5.76 3.73 8.3 7.07 7.88 5.21 6.21 2.99 5.81 2.19 3.69 7.32 6.8 9.68 3.93 5.27 2.75 9.35 5.92 6.96 5.84 4.55 1.79 6.48 9.47 9.49 9.76 8.24 4.39 3.33 7.59 0.78 8.77 7.52 0.08 4.62 3.65 8.08 2.29 2.4 3.23 4.82 0.74 3.64 4.8 6.44 2.98 9.05 3.4
int 62 161 937 870 159 524 366 704 923 19 29 587 942 457 759 186 690 505 616 35 295 687 499 774 684 568 97 135 562 456 187 593 850 841 10 385 724 288 962 842 263 56 197 92 848 88 405 237 313 603 741 786 652 16 482 746 919 678 713 819 1 154 775
int 62 658 557 820 382 297 18 42 907 77 598 898 242 237 643 471 202 182 766 116 191 469 846 520 976 884 189 574 144 274 965 899 236 314 511 38 221 930 895 934 920 416 266 599 805 477 247 860 724 735 758 89 858 288 141 385 851 627 329 324 258 53 422
int 63 110 716 727 61 933 316 173 500 602 823 344 874 587 812 469 681 394 411 669 943 617 386 675 709 900 409 699 746 586 187 206 487 522 992 516 896 407 93 216 388 274 446 180 272 668 395 467 626 633 353 359 526 858 658 565 270 511 256 774 420 294 893 43
int 64 792 768 909 105 576 717 83 522 908 550 610 26 903 837 749 797 994 788 753 893 966 331 31 454 818 316 221 306 817 165 148 222 810 437 741 989 922 621 828 722 976 357 997 528 578 848 905 647 111 358 702 302 404 546 108 456 511 198 643 393 398 292 433 691
int 64 26 331 228 799 894 995 103 34 879 677 539 304 617 729 122 232 205 850 818 875 588 534 386 480 853 802 55 280 438 351 737 243 395 874 650 346 954 666 266 288 989 516 824 366 263 716 147 178 914 286 786 83 804 316 922 289 372 764 19 507 990 791 622 892
int 65 23 145 658 123 611 116 352 91 602 308 929 512 207 208 73 397 908 67 974 429 166 688 897 839 124 12 378 494 583 994 884 503 41 573 399 28 56 840 913 614 742 101 126 941 972 718 881 505 283 324 863 631 956 301 722 595 38 996 334 66 914 321 34 146 440
double 66 3.65 9.51 2.97 8.91 5.31 0.96 2.29 9.91 9.96 5.23 5.73 1.48 8.19 3.35 4.01 3.44 3.13 3.23 4.22 8.77 6.28 4.53 2.89 4.96 8.33 9.68 3.19 1.6 7.32 4 0.02 8.59 6.11 8.13 9.09 2 7.33 7.91 7.21 4.12 5.24 8.37 4.77 5.05 3.36 1.77 8.47 8.74 1.7 2.43 1.94 2.79 1.98 9.59 4.74 7.02 7.51 4.36 5.47 9.57 0.09 3.9 7.39 9.1 6.88 5.59
double 66 0.23 3.75 8.54 9.82 8.14 1.74 9.74 6.31 5.82 2.45 3.08 8.77 7.21 2.38 0.48 5.35 8.91 0.19 0.33 6.62 8.81 3.46 9.22 6.03 3.98 9.54 3.03 6.05 6.58 3.04 4.71 9.42 4.28 3.01 3.93 0.46 2.84 4.66 8.4 7.89 5.1 8.7 6.59 9.93 9.64 0.6 0.07 3.1 3.05 3.42 0.29 0.92 5.75 4.73 2.02 8.79 0.25 1.57 7.07 2.49 8.57 5.81 7.34 4.41 4.38 1.47
int 67 556 554 13 35 494 194 598 855 587 515 667 93 314 827 261 847 966 80 60 798 732 210 173 123 657 220 955 191 246 749 6 900 851 844 400 495 442 562 452 78 561 449 362 914 876 603 142 317 833 217 731 386 759 110 655 908 48 715 516 180 796 716 619 547 446 871 725
int 67 763 982 881 40 77 166 149 493 561 538 190 357 462 739 159 826 313 546 232 915 603 437 471 230 395 456 41 323 524 848 429 678 27 634 914 933 515 736 266 363 700 397 951 698 592 492 370 695 143 837 750 30 931 256 975 114 900 637 766 590 579 580 491 711 587 676 733
double 69 7.63 7.21 9.42 5 3.28 6.54 5.13 9.28 6.79 3.72 2.38 9.55 2.58 9.77 7.9 5.05 2.43 6.44 4.68 4.99 6.3 2.98 6.24 4.06 5.44 8.25 8.8 8.78 7.41 4.87 7.78 8.16 2.66 1.07 0.03 1.53 8.12 6.75 0.15 0.74 0.64 5.86 8.01 8.32 0.32 0.91 0.61 5.9 6.35 6.5 0.41 3.93 1.35 1.24 1.48 7.1 1.91 7.49 5.21 6.17 2.51 3.89 2.89 6.62 2.13 2.1 2.76 6.83 0.09
double 70 6.12 5.02 7.44 9.5 5.22 1.43 2.01 0.34 0.07 5.97 5.32 5.45 5.9 0.76 9.57 1.36 8.56 8.68 0.9 9.48 9.25 9.14 0.46 7.45 0.12 2.68 9.75 4.36 6.03 2.9 6.4 8.04 1.37 3.66 0.29 7.7 9.72 1.2 9.65 3.82 3.91 9.77 8.2 7.08 1.47 7.49 6.36 4.32 3.01 5.28 1.96 9.53 7.43 7.89 2.46 0.56 8.28 8.37 6.23 6.37 5.58 7.74 1.19 4.65 8.58 8.14 2.28 0.96 0.48 8.38
int 70 795 310 211 737 792 890 754 252 251 50 503 872 861 765 232 967 223 467 887 122 726 410 27 190 657 706 823 235 29 386 459 175 301 2 201 21 303 610 147 219 560 267 184 241 216 698 602 218 479 210 912 97 135 539 896 3 630 382 388 286 865 438 728 846 752 686 833 171 613 153
double 71 4.92 4.05 9.91 4.04 5.39 2.44 9.54 7.95 2.57 4.36 1.21 7.88 1.9 3.84 7.46 0.35 7.42 1.62 6.99 6.13 8.78 4.58 1.08 2.98 8.37 0.65 1.76 2.61 0.55 3.34 1.29 8.68 1.3 0.81 2.45 5.81 6.31 7.66 9.61 4.12 7.44 8.25 4.59 3.71 3.6 2.31 8.02 8.13 3.56 3.77 6.11 1.24 8.93 4.55 4.61 4.52 9.01 5.63 5.61 9.19 6.12 7.31 5.88 1.26 8.01 9.05 0.18 8.97 0.12 4.48 6.21
int 71 414 262 71 658 944 139 810 263 664 670 596 45 736 327 449 182 559 622 551 346 680 704 642 424 968 883 59 584 299 717 205 411 702 709 686 308 389 73 56 532 397 924 593 674 292 786 723 365 358 820 266 476 64 428 927 235 161 706 190 381 325 363 105 142 345 213 824 613 385 611 959
int 72 483 44 484 492 612 293 677 405 940 708 736 556 99 778 333 541 121 814 96 509 195 397 124 392 843 424 136 537 782 144 881 92 880 673 764 191 123 544 95 365 443 493 294 350 332 330 476 545 248 281 425 273 684 20 34 553 798 867 826 222 763 396 996 457 998 751 568 620 512 650 520 808
int 73 472 232 586 315 841 758 405 432 893 885 766 981 390 750 142 625 272 447 92 98 680 698 612 912 529 367 799 562 517 35 502 476 774 678 776 377 978 409 576 52 176 139 440 954 507 854 348 833 683 911 191 839 384 421 785 480 876 414 892 122 127 420 239 69 773 218 10 705 494 567 800 533 986
double 75 5.19 5.71 3.58 0.32 1.43 3.99 0.11 6.81 5.21 2.09 5.98 3.52 5.43 5.79 8.01 8.75 5.32 5.97 7.87 9.29 4.15 2.03 0.7 1.61 5.5 6.32 3.53 5.05 5.29 4.53 7.65 0.34 8.93 0.07 8.16 1.18 1.27 2.67 0.37 3.21 3.37 6.49 5 8.81 1.3 7.07 1.01 0.01 3.59 6.22 1.26 1.06 5.31 9.89 7.18 2.82 3.36 9.41 5.08 1.08 8.3 8.09 9.3 8.45 1.41 8.5 6.34 2.93 6.18 8.31 7.75 5.59 7.97 2.29 1.34
double 77 0.7 6.65 9.24 8.14 9.07 6.51 9.82 9.48 8.97 1.66 3.58 9.14 2.61 2.09 3.22 8.81 6.01 7.04 4 9.81 1.42 8.91 5.42 1.64 3.86 6.4 4.15 7.41 1.24 5.81 1.35 8.41 2.62 9.45 3.44 8.87 2.72 5.07 6.94 6.84 8.39 9.16 9.9 5.87 0.37 2.55 2.39 2.94 6.33 7.62 2.22 0.01 2.33 6.57 9.43 7.27 1.63 4.37 9.15 4.45 1.08 7.73 9.37 2.79 0.82 6.98 6.87 8.29 8.13 9.49 0.45 4.93 8.12 5.6 6.3 8.74 7.81
int 77 770 130 516 608 469 279 439 945 536 832 403 53 265 124 203 605 336 700 457 940 661 358 687 349 12 620 569 527 120 718 539 327 554 347 361 187 409 119 104 670 496 330 615 825 553 65 797 654 989 3 884 248 216 348 530 749 535 13 346 794 470 482 862 44 456 240 693 723 914 220 394 555 95 400 837 648 767
int 79 60 219 345 468 485 675 226 492 278 227 618 131 62 936 405 165 157 863 581 510 877 929 660 697 311 974 121 346 498 271 744 706 788 57 97 457 563 984 827 566 410 636 432 401 336 398 530 211 199 239 78 460 585 711 89 673 245 762 734 156 252 127 396 224 466 657 163 832 189 203 486 648 266 854 785 653 462 471 528
double 80 0.51 8.56 6.5 1.99 6.61 2.12 3.73 8.61 1 9.46 8.95 0.27 2.08 8.27 1.15 8.22 2.01 1.46 1.65 3.34 0.31 7.16 4.54 3.57 3.41 7.92 8.64 0.08 5.26 7.22 0.25 5.01 5.23 2.04 4.1 3.45 8.09 4.01 7.84 8.59 7.52 5.42 3.72 9.98 7.37 4.96 7.83 7.94 1.78 5.14 4.4 4.29 3.53 2.84 5.64 8.6 1.23 6.86 3.67 8.97 3.83 3.93 5.29 4.5 1.02 7.3 1.16 9.96 4.58 1.26 9.93 9.4 5.05 1.91 2.7 9.42 5.1 6.92 2.81 2.03
double 80 3.6 3.92 8.12 2.25 9.84 8.31 1 0.57 0.45 5.63 8.55 0.89 6.91 2.02 1.58 6.55 2.03 3.41 0.95 1.79 2.55 2.6 4.46 7.99 2.43 3.67 2.69 5.71 0.27 9 6.61 1.49 2.92 7.43 2.14 4.88 2.53 8.77 1.15 6.1 3.34 3.13 6.27 4.85 2.01 3.84 0.59 5.27 0.13 3.28 8.41 2.5 3.16 0.81 3.43 9.42 9.66 4.81 9.95 7.05 5.6 2.8 8.57 4.3 9.82 6.75 4.69 4.58 9.14 5.39 2.72 5.19 6.16 7.23 6.37 1.63 5.97 1.54 2.29 6.71
int 80 601 612 885 32 618 378 976 675 332 136 804 76 945 962 743 251 119 974 783 516 787 938 263 894 290 388 195 436 301 567 595 130 370 218 254 998 736 524 175 521 509 919 684 917 395 593 744 765 531 475 797 892 207 555 174 829 886 19 478 773 771 440 626 753 586 126 299 706 179 655 821 968 333 321 739 102 476 841 417 44
int 81 704 525 431 821 353 928 650 274 904 862 672 218 225 503 743 522 495 404 797 675 423 696 157 542 381 195 708 442 884 987 952 89 543 514 961 643 20 504 727 782 847 673 26 506 59 870 519 67 148 385 640 119 414 265 329 331 771 45 346 415 418 602 426 120 351 140 372 613 680 603 393 798 328 343 878 890 552 725 406 594 450
double 81 8.67 9.88 5.61 5.25 4 0.75 8.35 4.21 6.16 0.7 7.24 1.19 5.18 2.83 0.12 2.03 9.87 7.76 9.92 7.57 8.57 3.98 6.23 4.3 6.25 7.63 8.45 9.74 4.26 8.13 7.65 3.85 2.33 4.43 2.99 7.42 3.12 2.19 2.65 5.62 0.33 9.09 1.32 6.1 5.91 6.52 3.79 0.79 3.03 2.42 4.2 1.87 3.76 6.56 1.81 0.3 4.24 7.81 3.09 6.73 7.39 4.87 3 5.06 9.81 2.12 2.78 6.6 2.25 7.25 6.17 8.19 1.75 6.43 4.5 7.55 5.32 0.58 2.02 8.06 2.26
int 81 548 202 862 772 302 841 172 848 452 933 90 861 449 110 478 40 600 113 402 855 43 544 794 887 294 706 438 941 737 17 789 26 527 152 153 327 892 582 150 223 603 701 732 187 598 420 518 164 506 63 879 830 545 715 418 92 660 856 182 726 581 523 849 521 988 314 450 391 260 29 768 694 625 956 86 549 46 986 809 844 246
double 82 2.45 5.34 3.39 5.21 5.52 1.27 8.47 0.14 2.79 2.71 1.65 7.47 9.98 8.04 2.27 3.32 5.28 8.85 1.57 9.73 2.21 3.75 6.73 0.13 8.76 1.51 6.18 5.41 6.12 2.73 7.39 1.66 4.98 2.29 9.77 7.97 1.46 3.97 3.37 6.88 8.52 3.03 1.45 5.58 8.14 1.56 3.6 7.66 1.58 6.13 7.96 2.57 8.07 4.17 8.11 6.46 7.79 4.29 4.1 9.54 1.25 2.32 0.35 2.42 7.17 2.03 8.37 6.92 5.62 8.18 2.77 0.1 0.19 4.67 0.94 3.12 2.81 7.46 0.84 1.62 1.26 7.82
double 83 8.34 8.68 9.76 5.91 8.77 1.85 9.61 0.73 6.46 1.35 4.79 7.13 4.86 2.3 1.11 8.13 3.74 6.38 9.98 5.01 4.95 8.31 3.52 9.8 5.72 8.43 3.28 9.01 5.87 3.81 6.94 4.29 6.5 7.71 0.77 7.66 2.08 6.14 3.97 2.76 8.92 9.85 2.2 4.34 0.01 1.28 1.26 0.16 2.81 3.15 5.03 5.97 4.73 2.37 4.8 6.93 2.82 4.78 5.55 2.34 9.28 7.72 7.45 7.06 7.33 5.02 6.53 4.08 2.23 5.41 1.13 0.31 9.24 3.07 5.18 0.67 9.77 5.33 5.19 5.77 8.84 9.62 2.59
double 84 6.56 2.38 1.88 1.64 5.69 4.85 2.31 4.65 7.83 6.2 6.41 8.77 2.24 1.44 0.61 0.95 6.13 3.5 7.63 0.44 8.88 8.17 3.95 2.98 8.44 2.54 7.14 3.65 8.54 0.91 4.8 9.8 0.83 8.61 7.91 3.46 6.29 1.24 1.77 7.22 5.94 4.05 6.57 1.3 1.21 5.44 3.86 2.03 0.89 7.66 5.45 9.38 1.28 6.61 8.59 5.58 7.81 4.36 8.01 9.03 3.77 0.78 7.6 3.68 9.62 2.36 4.79 3.49 7.44 4.84 3.7 9.7 3.39 8.11 2.59 4.41 4.92 7.53 0.36 1.09 6.23 1.2 3.47 7.88
int 84 833 622 276 454 451 520 378 65 316 257 97 884 27 445 980 161 252 716 126 250 808 682 139 703 389 157 433 785 142 768 648 118 52 988 309 577 93 755 357 614 134 188 957 816 492 407 301 570 179 295 856 771 646 854 209 904 377 874 98 961 2 94 544 133 913 673 168 181 418 612 554 733 19 8 95 790 90 556 745 153 777 563 797 834
double 86 6.12 7.94 5.59 3.41 2.01 5.91 5.81 5.03 5.83 9.58 6.43 6.91 5.05 4.35 1.09 0.04 4.29 8.86 5.46 1.3 8.78 6.19 8.16 7.99 2.64 6.07 7.78 3.86 9.43 3.85 3.14 3.03 8.49 3.79 8.58 5.19 3.9 7.31 6.83 4 1.55 6.14 0.39 5.01 1.31 2.41 1.59 6.23 5.23 0.29 6.67 7.02 6.03 9.29 4.42 2.82 0.4 5.45 2.8 2.37 5.7 5.71 5.3 7.12 0.09 3.32 2.84 7.33 0.98 6.76 6.62 8.3 5.27 5.92 4.89 6.71 9.71 0.97 3.77 7.04 3.17 6.7 9.68 6.56 1.24 2.76
int 86 737 717 479 730 896 240 358 145 733 115 718 330 130 693 871 762 888 868 671 739 542 812 582 61 53 400 952 850 554 595 306 673 254 428 674 64 928 543 67 245 313 682 565 239 478 242 4 461 192 586 610 80 843 230 979 412 425 795 25 155 228 930 223 214 768 432 785 725 220 101 500 697 970 127 443 900 17 298 282 613 790 943 273 430 286 199
int 86 673 57 470 983 23 318 340 798 815 970 725 307 201 686 925 995 613 183 162 862 551 70 753 73 896 156 902 109 813 332 426 913 395 996 175 768 404 349 512 960 567 867 708 790 957 632 639 934 219 935 234 670 323 505 700 589 189 945 355 596 520 173 904 481 820 795 462 656 930 597 444 362 160 860 667 903 750 26 872 134 559 469 281 258 414 435
double 87 8.24 8.78 5.32 6.86 2.88 2.93 6.49 9.65 3.95 1.69 0.44 0.59 9.43 1.92 7.72 8.18 7.47 2.94 9.28 9.71 1.15 9.73 2.86 4.9 0.64 0.96 8.42 9.16 4.35 1.98 2.77 3.71 0.91 7.46 3.41 9.63 4 5.78 2.22 7.63 4.49 2.95 6.67 8.14 3.14 1.27 2.26 2.96 8.1 1.57 6.4 7.18 4.07 9.4 8.28 7.31 0.74 7.7 3.94 2.47 2.34 8.45 2.91 7.42 1.25 0.32 3.66 2.28 5.93 5 2.99 1.61 7.55 2.19 5.5 8.88 3.68 0.26 3.29 7.52 6.84 3.06 1.91 1.54 8.72 0.37 3.11
int 88 649 818 576 562 569 226 416 275 166 107 793 639 817 331 452 477 206 54 922 419 680 889 684 193 968 792 667 435 750 283 269 345 74 384 122 652 292 413 902 910 655 75 800 978 700 480 409 751 86 116 350 443 14 281 527 990 808 456 713 863 630 372 123 90 189 143 592 472 147 112 989 448 410 772 511 507 323 181 623 622 391 389 786 182 773 469 619 821
double 89 4.84 8.86 8.45 4.5 6.33 3.85 1.83 0.96 4.4 3.72 2.24 3.38 3.22 0.18 4.98 2.22 7.5 2.71 1.49 0.61 6.13 8.06 0.34 3.32 1.92 9.86 5.15 2.75 0.87 5.85 2.32 9.2 4.66 0.44 0.73 0.55 9.35 7.66 0.99 9.4 6.14 5.7 7.02 9.79 2.83 2.37 9.97 3.07 6.26 4.22 3.88 0.39 6.2 3.69 6.18 9 1.34 8.65 2.19 7.49 9.42 8.75 5.57 0.6 7.84 5.29 0.12 8.12 5.49 9.71 5.48 9.72 4.12 0.53 3.66 7.14 9.19 9.84 1.19 4 4.38 5.41 2.51 0.86 6.65 8.34 2.16 3.44 4.69
int 89 870 641 785 569 16 26 812 391 66 240 725 327 896 442 460 448 591 505 48 151 431 579 370 450 29 698 561 11 645 772 241 530 108 371 790 873 748 474 481 989 670 923 876 337 504 706 535 27 900 935 386 731 936 367 351 827 227 594 445 473 304 455 775 813 589 803 299 685 998 926 639 970 177 359 857 533 169 189 134 899 945 320 147 830 690 981 119 58 663
int 90 903 131 804 946 402 696 367 496 952 81 971 644 45 345 489 412 892 520 70 243 847 902 194 748 778 516 118 535 788 358 228 861 926 990 878 414 560 629 64 519 602 213 101 83 55 693 820 790 702 569 690 79 160 691 948 111 807 47 389 642 403 210 862 960 304 155 178 686 882 326 185 325 10 396 984 23 177 362 110 283 675 676 82 511 620 789 554 490 263 726
int 91 637 942 744 889 486 206 533 26 552 603 12 894 540 176 462 787 192 426 627 280 311 286 180 131 986 511 46 946 869 724 355 489 156 215 504 341 492 377 684 554 396 218 796 605 555 951 320 809 927 923 789 781 173 393 160 965 906 343 409 39 840 896 303 73 265 739 238 678 169 235 726 940 497 669 487 702 6 333 243 691 892 763 152 195 877 224 764 879 601 845 226
double 92 7.03 8.73 6.26 8.42 9.81 5.89 9.94 8.22 0.51 2.39 1.56 6.99 1.83 0.6 1.87 3.44 5.8 5.01 6.4 6.08 2.13 2.21 4.55 2.55 5.97 8.64 0.76 5.23 4.78 8.36 3.36 5.71 3.46 4.76 3.57 7.54 4.39 8.99 6.91 5.79 9.01 8.01 2.72 0.86 9.53 1.78 9.39 2.44 4.38 5 6.62 7.92 7.26 8.08 6.11 5.08 1.75 4.87 9.78 1.69 8.52 4.13 2.65 3.67 1.48 0.18 5.12 3.8 1.92 2.43 8.63 9.16 7.18 5.51 2.06 0.99 9.32 0.13 7.61 0.72 0.17 7.86 1.73 6.33 1.3 8.46 4.75 0.4 0.24 5.32 2.16 6.82
int 94 839 125 550 246 439 122 385 364 104 323 572 891 537 501 541 780 660 925 799 648 644 6 102 953 886 231 808 762 739 907 457 944 153 313 903 7 238 309 945 202 357 248 157 378 608 354 855 318 982 617 108 714 64 756 236 181 32 70 317 701 749 823 305 20 635 320 605 400 768 51 500 683 875 261 603 894 268 12 322 549 943 156 583 695 771 615 863 386 73 221 474 419 930 794
double 94 7.95 6.48 0.96 8.9 8.78 8.72 2.1 7.09 5.86 9.47 1.11 8.99 6.25 0.3 8.12 1.27 9.22 5.7 9.26 2.04 1.86 3.41 5.11 0.91 6.02 2.67 0.68 2.24 8.48 6.67 4.43 9.29 9.09 0.78 0.05 5.41 7.85 3.98 5.93 8.25 4.16 5.68 1.26 0.73 6 5.83 6.32 5.72 8.91 1.22 4.34 5.71 3.21 8.68 3.44 2.65 0.27 9.77 0.45 4.39 9.19 1.33 1.66 6.47 2.82 6.04 5.9 7.91 1.41 1.13 7.71 1.2 4.37 4.23 6.6 1.59 8.52 1.37 7.39 2.45 4.6 7.99 2.27 9.75 6.86 0.15 5.01 1.88 5.45 4.24 7.53 7.23 0.72 3.5
int 97 177 240 753 599 324 422 709 46 512 766 705 737 720 883 105 377 10 716 18 75 98 541 500 927 803 742 898 657 208 144 504 780 328 799 823 887 401 149 136 619 937 884 354 521 678 84 91 499 727 498 419 14 387 985 846 486 388 315 843 997 830 434 710 768 879 816 954 475 630 648 651 528 367 633 560 313 506 145 306 597 261 11 943 312 175 390 848 123 396 418 57 675 694 415 141 667 549
double 100 6.77 5.36 1.72 7.87 5.51 9.88 4.36 2.44 9.9 7.25 4.84 7.7 1.18 8.83 4.72 6.64 2.94 4.76 0.14 2.7 5.6 9.39 2.52 1.44 1.51 3.34 0.35 7.12 8.23 0.65 6.09 9.82 6.92 2.83 9.02 0.25 4.5 0.32 8.92 4.85 1.84 4.24 4.05 9.58 4.48 1.63 0.46 3.52 0.72 5.95 5.64 4.58 7.36 8.2 6.73 2.75 0.3 5.32 3.21 8.9 7.74 7.83 1.27 5.96 6.61 6.03 6.11 1.81 6.44 8.29 5.8 7.37 3.02 4.68 1.24 5.63 6.8 9.04 0.34 4.9 3.73 7.45 0.08 7.59 7.85 8.64 1.6 3.82 1.88 5.2 9.06 8.99 7.46 2.47 2.72 3.59 3.95 8.53 8.74 9.55
int 100 787 718 473 426 378 434 292 700 971 49 51 573 666 807 469 336 126 280 258 128 647 99 335 304 767 850 253 342 338 730 855 29 321 661 499 811 563 167 169 874 751 691 507 112 138 886 895 496 8 664 323 616 372 707 212 107 603 505 156 834 71 299 134 364 749 89 770 360 937 155 676 927 651 310 42 673 821 498 585 182 906 334 968 858 346 197 446 536 604 753 835 756 994 938 711 395 339 936 615 716
int 100 437 478 57 476 281 149 758 364 268 774 913 341 426 379 283 227 490 133 607 637 612 148 499 472 100 599 517 761 288 115 690 497 559 618 885 358 72 205 583 734 103 725 145 131 135 423 861 314 467 866 401 370 769 58 435 327 459 9 305 456 544 870 308 804 604 819 507 438 154 256 239 262 402 978 258 238 471 14 651 443 446 682 373 716 404 360 901 171 488 934 377 193 351 91 960 874 991 129 466 578
int 101 551 642 554 862 228 689 46 821 808 688 340 331 390 468 94 897 730 784 503 244 306 98 134 813 528 911 140 420 816 620 898 117 979 549 294 910 952 357 561 348 245 216 773 68 916 447 798 514 22 27 54 243 78 222 890 830 238 722 729 246 667 804 100 717 783 342 770 789 544 307 396 226 492 87 207 380 498 966 91 995 776 509 685 724 248 434 961 386 214 678 738 25 349 79 953 220 684 762 507 606 806
double 101 1.66 6.5 9.01 5.82 1.44 2.37 0.62 1.82 4.65 0.87 0.33 0.76 8.04 1.78 8.4 0.94 5.6 8.83 5.44 8.32 2.82 5.72 0.74 0.29 9.84 7.61 2.06 9.31 2.46 0.48 4.81 4.41 1.85 2.44 8.76 4.23 5.48 9.16 3.2 7.49 4.07 1.35 1.23 0.18 3.3 2.86 8.99 9.45 1.39 5.22 7.6 6.75 5.13 6.53 2.98 3.93 5.15 0.98 7.32 4.25 1.1 6.28 9.25 4.74 6.99 6.41 7.19 9.4 7.98 1.05 5.66 5.08 6.77 8.69 2.16 8.7 9.46 3.36 3.17 6.82 9.78 0.93 8.55 7.37 7.75 9.09 9.65 8.86 5.04 4.54 9.91 7.9 5.96 6.48 7.05 8.02 4.32 9.23 8.59 0.61 7.56
int 102 923 653 140 36 91 9 145 815 724 859 122 565 54 577 716 157 131 960 887 480 13 32 883 398 717 340 719 661 283 138 176 152 736 929 633 279 954 636 841 504 82 782 588 219 295 440 181 133 909 603 293 884 776 905 191 419 94 531 230 895 224 649 888 63 488 832 142 860 166 237 460 487 422 539 53 959 805 484 939 522 758 731 47 587 193 81 990 232 341 702 374 793 88 37 538 367 651 713 434 650 528 557
double 108 6.97 0.75 0.34 2.01 0.71 4.76 1.85 8.57 9.95 2.26 4.88 8.65 7.98 4.28 7.91 5.54 7.21 3.5 2.05 5.6 8.77 3.69 5.51 6.89 8.42 6.85 9.16 9.27 6.29 3.16 0.5 6.72 5.63 5.73 8.22 5.37 5.85 4.29 6.49 4.13 0.92 6.06 2.82 4.19 7.19 2.85 0.4 6.35 6.34 2.46 1.89 6.2 8.94 2.76 9.94 7.01 1.94 4.01 2.56 1.5 9.2 7.17 5.84 3.19 6.58 6.86 1.48 4.36 7.36 1.05 3.72 9.37 5.81 1.71 3.62 7.58 5.33 0.52 7.13 7.86 8.59 9.18 4.2 8.33 5.26 4.39 0.19 4.08 2.77 5.42 4.32 1.41 4.77 1.53 6.33 8.46 5.02 8.13 0.69 6.54 1.45 7.02 4.3 5.21 2 9.9 2.31 5.87
double 108 8.78 1.09 7.66 1.25 1.9 5.3 5.86 3.07 6.03 5.09 0.67 9.86 6.13 9.89 0.13 0.91 2.79 2.96 3.87 6.42 3.2 2.81 0.4 3.84 7.25 9.25 0.83 5.68 9.84 9.12 1.83 1.92 2.69 6.05 1.52 9.18 3.1 5.56 2.22 8.24 4.78 2.86 4.61 6.31 6.78 1.38 6.54 3.32 5.61 2.27 9.9 6.75 5.29 1.98 7.98 1.3 0.3 1.33 4.36 5.69 7.42 2.25 3.65 4.4 6.24 6.98 3.09 2.75 5 4.5 3.01 9.57 8.42 3.72 8.03 6.8 6.68 3.3 1.36 9.8 1.78 2.14 1.8 1.14 5.48 1.1 5.75 9.03 3.55 7.49 5.49 0.26 5.18 3.85 1.71 9.53 1.5 0.74 6.59 1.07 7.43 0.85 0.63 6.39 4.63 4.76 9 0.31
double 109 7.69 6.29 1.47 7.47 2.22 6.87 4.11 3.54 8.94 6.22 0.35 4.59 8.83 0.02 2.91 8.17 4.23 2.16 9.29 1.59 1.53 3.04 2.96 3.43 3.8 1.84 9.23 5.17 7.1 5.54 2.7 5.34 2.98 7.93 3.85 0.17 5.74 3.34 9.36 3.88 8.2 5.2 3.15 3.08 9.05 9.1 9.34 4.49 0.84 2.13 5.82 5.62 4.87 5.15 7.11 1.08 9.76 7.62 5.84 8.93 2.31 5.78 2.51 8.54 3.79 6.96 1.93 0.23 3.01 0.36 5.01 5.35 6.57 9.63 7.22 1.12 7.14 8.74 8.87 4.14 5.95 2.25 8.1 6.38 8.75 7.42 0.03 0.18 8.39 6.04 8.59 4.46 5.66 2.52 3.7 6.64 6.02 3.75 7.72 0.11 0.82 9.74 9.64 7.36 0.74 1.09 0.76 9.65 1.07
