bool 14 0 0 0 1 1 0 0 1 1 1 0 1 1 1
char 18 i a k s m f i a d m d d m b j b g n
char 18 i s r d s i j g i g t p j q i q t e
char 19 d r q c j s f j c p f t l b o o c g d
bool 20 0 0 1 1 1 0 1 1 0 0 0 1 1 0 1 0 0 1 0 1
char 21 q d r s o q i m n a e e n n c t r j h l n
int 21 46 42 90 21 35 16 61 71 67 8 31 70 71 19 63 81 29 20 68 43 5
bool 22 1 0 1 0 0 0 1 1 1 1 1 0 0 0 1 1 1 0 0 1 1 1
double 23 8.06 3.49 4.16 7.86 3.19 3.68 1.35 2.18 9.31 4.45 0.29 3.85 8.27 9.44 4.94 4.23 9.08 9.19 0.7 2.48 9.29 4.75 1.68
double 24 7.78 3.64 2.32 6.54 7.02 8.85 6.15 5.35 7.26 1.42 8.65 4.68 6.22 7.68 6.06 1.28 5.15 7.62 7.72 6.95 0.63 7.77 3.46 6.76
bool 24 0 1 0 0 1 0 1 1 0 0 1 1 0 0 0 1 1 1 1 0 1 1 0 1
bool 25 0 0 0 1 1 0 1 1 0 0 1 1 1 1 0 0 1 0 1 1 0 1 1 1 1
char 26 m t t j l o e e l e l h b t r p g l l s c n s d d a
char 27 a e a i k d d l d q o m j m c b p p l e k g n i g n t
bool 27 0 0 1 1 1 1 1 1 0 0 0 1 1 1 1 1 0 1 0 0 0 0 0 0 0 0 0
char 31 b e a q k c e b t m b k d j o t i f f c l s h c p b c q n k a
bool 31 0 0 0 1 0 0 1 1 0 0 0 0 0 0 0 0 1 1 1 0 1 0 1 1 1 1 1 1 1 1 1
bool 31 0 0 1 1 0 1 1 1 1 1 0 1 0 0 1 1 0 1 1 1 0 1 0 0 1 0 0 1 1 0 1
bool 35 0 0 1 1 1 0 1 0 0 0 0 1 1 0 0 0 1 0 0 0 1 1 0 1 0 1 1 1 1 0 1 1 1 1 0
bool 36 0 1 0 1 0 1 1 1 0 0 0 0 0 0 1 1 1 0 1 1 0 1 0 0 1 0 0 1 1 0 1 0 1 0 0 0
bool 37 1 1 0 1 0 0 1 0 0 1 0 1 1 1 1 1 1 1 0 0 0 0 1 0 1 1 1 1 1 1 0 0 1 0 1 0 0
int 37 98 20 15 6 42 20 48 77 38 94 51 95 16 10 42 63 87 82 99 57 35 93 68 42 3 35 93 41 86 86 19 52 96 91 93 53 56
char 38 p a l j n r q o a i j m k p d d t q o b r c s f s k f j t q s r p j h l r q
int 38 26 69 25 9 8 8 13 70 77 43 44 27 90 66 74 88 10 64 18 89 62 15 13 82 80 47 85 9 4 69 78 59 52 39 25 64 17 2
int 39 2 72 18 73 49 53 47 72 74 8 28 6 17 10 67 94 82 38 94 76 98 10 90 60 62 39 85 59 70 18 4 55 25 63 64 76 41 28 29
char 39 a h d a k f e o g g m g g e t q j h g h q q q q t q i d t k f s s r m n e r f
char 39 i r l i n j i o k q i b k e s d b k s e n a e a l a b d m b i k f o m b i k t
char 40 o o f t d s g c g s n d q j l a n t o a e i h f o q k f r t q j e q t q b a b o
int 40 29 8 43 94 91 73 57 24 72 80 22 47 47 22 18 29 99 57 11 49 37 88 43 83 30 57 61 61 38 77 17 90 60 62 18 4 87 11 65 36
int 41 29 71 45 58 31 39 23 37 63 95 40 46 90 76 45 82 89 88 86 78 73 20 65 85 33 94 92 35 80 25 42 1 46 66 84 2 91 93 96 3 87
int 41 66 81 65 89 22 76 73 57 30 88 66 34 79 9 71 27 56 76 31 61 57 40 14 7 23 45 58 92 97 85 34 67 1 3 82 61 72 25 4 38 61
double 42 2.4 4.34 6.24 5.12 2.95 0.75 0.45 7.41 0.45 5.05 8.95 6.43 6.66 6.25 6.66 7.54 5.35 7.77 3 3.91 0.16 6.15 2.41 6.05 7.24 2.2 8.11 8.35 1.37 4.87 0.3 8.85 7.41 1.21 7.69 6.75 9.72 6.01 1.5 0.33 3.75 0.26
double 43 3.76 6.93 5.11 1.1 1.42 5.78 4.45 6.9 0.92 3.76 3.84 0.95 0.7 2.23 9.24 6.08 9.84 0.06 6.3 0.94 0.96 2.16 8.57 4.98 4.68 1.45 8.31 2.52 6.26 4.53 7.95 4.79 9.47 5.8 0.16 6.8 9.61 8.55 3.78 8.95 8.99 8.57 9.99
bool 43 1 1 0 1 1 1 0 1 0 0 0 1 1 0 0 1 0 0 1 0 1 0 0 0 0 0 1 1 0 0 0 0 0 0 1 0 0 0 0 0 1 1 1
bool 43 1 0 0 1 1 1 0 1 1 1 0 0 1 0 0 0 1 0 0 0 1 0 1 1 0 0 0 1 0 1 0 0 0 0 1 0 1 1 1 0 1 0 1
int 44 56 90 30 93 18 39 15 99 48 15 64 52 57 6 8 73 3 27 79 18 52 31 37 51 40 55 66 26 23 50 67 95 40 82 51 63 31 75 95 57 33 37 46 89
char 45 j f o g q j q j n o e c o h f g i b d n f c m g q r i r n h b f a i b a e q q h k l p c t
bool 46 0 0 1 1 0 1 1 1 0 1 0 0 0 0 0 1 1 1 1 0 0 0 1 0 0 0 1 1 0 0 1 1 0 0 0 0 0 1 0 1 0 0 1 1 0 1
bool 46 0 1 0 0 0 1 1 0 0 1 1 1 0 1 0 0 1 0 0 0 0 0 0 1 0 0 1 1 1 1 0 0 1 0 0 0 0 0 1 1 0 1 1 0 0 1
char 48 o h o q e b d o c g k b f d t n n o g c f k a m b i o k e k b m f k k q l d e g r s m f o t q g
double 49 3.66 1.35 0.63 1.91 3.29 3.55 3.51 3.23 0.96 0.65 1.29 4.83 2.04 7.25 2.38 4.7 7.48 7.59 3.13 0.85 4.8 9.8 4.53 1.72 3.73 2.27 8.4 1.02 1.3 9.74 2 9.8 3.57 8.79 7.64 9.13 1.57 9.17 4.46 0.65 2.08 8.96 3.6 3.49 3.24 6.29 3.36 0.76 4.86
double 51 5.45 5.96 6.31 8.41 3.68 6.65 3.32 2.9 2.19 7.83 1.73 3.68 7.67 9.9 7.31 4.49 4.28 5.32 2.07 7.86 7.28 1.32 0.68 5.91 5.23 1.46 7.58 0.25 6.92 1.23 4.58 5.25 7.83 1.1 6.56 1.31 0.91 9.97 5.48 7.21 3.4 1.38 4.63 5.26 7.68 1.07 9.8 8.52 9.14 5.07 2.62
int 54 77 57 74 41 3 6 34 69 43 68 38 86 70 75 59 3 58 38 40 64 44 65 77 23 21 58 15 77 11 74 26 68 79 42 65 35 68 68 61 65 53 50 22 86 58 7 76 7 50 85 92 15 75 18
int 55 54 35 42 38 75 56 59 25 30 38 10 85 31 53 32 51 73 10 5 57 94 52 89 68 21 70 20 56 93 51 16 81 27 59 32 80 78 84 2 36 97 98 78 67 83 83 87 33 91 63 53 28 64 41 69
char 55 p p m c p d p t m o n r g o d t c g f t d b o a n i j s g o t j f r m c s d o c n l s a r l p m m l b i c k p
bool 56 1 0 0 1 0 1 0 0 1 0 0 1 0 1 0 1 0 0 0 1 0 0 0 0 1 1 0 0 0 0 1 1 1 1 0 1 1 1 1 0 1 1 0 1 0 0 0 0 0 1 1 0 1 1 0 1
int 57 28 82 87 25 39 60 94 78 98 11 21 85 87 62 9 48 98 52 99 36 29 25 82 38 41 26 67 54 82 55 82 60 87 99 53 56 55 12 37 50 99 33 38 32 65 14 85 33 60 39 99 86 22 26 53 86 46
char 57 m i q o e t n h l p g t l t k r k j s s l q n n p h c e b i i r a t i e t e p q i h g d s s l o g s l c r q l o q
bool 60 1 1 0 1 0 0 1 1 1 1 1 1 0 1 0 0 0 1 1 1 0 1 0 0 1 0 0 1 1 1 1 0 1 1 0 0 1 1 1 0 1 0 1 1 0 1 0 1 0 1 1 1 1 0 1 0 1 1 1 1
int 60 7 78 2 3 3 55 74 53 66 16 49 14 54 81 33 7 81 89 77 67 83 89 69 74 56 83 62 2 97 26 90 86 50 44 20 64 24 76 19 63 93 93 28 19 75 79 81 76 28 16 33 45 19 37 94 57 64 45 59 8
int 62 76 80 72 59 91 68 79 81 52 35 69 85 57 37 81 63 40 6 34 19 98 49 39 23 51 17 50 78 74 20 29 45 61 37 57 47 44 71 63 99 19 86 24 56 46 20 37 58 42 55 48 84 85 58 61 52 11 85 92 21 51 33
char 63 h q a b l n k m o n g h r a q q c n t c f r q p h d k t i n l h c r f l c j d a o d c c l r l c e p s t g t f d q d n l j b s
double 65 7.74 7.85 9.55 8.4 5.19 2.53 4.78 7.51 2.92 9.88 0.44 1.29 9.06 1.71 0.95 3.23 8.78 1.67 0.23 6.67 0.01 9.95 3.44 4.19 2.35 4.27 5.47 9.92 7.01 2.33 9.93 3.64 4.89 0.03 7.82 4.89 3.85 9.79 8.64 7.18 5.29 5.55 5.62 2.69 8.25 5.57 4.35 6.8 6.65 0.86 4.08 6.56 6.42 9.31 7.53 5.57 5.7 0.45 1.23 2.35 8.92 9.47 9.72 4.99 4.85
double 65 8.37 9.48 2.43 9.42 6.37 6.51 1.08 5.12 7.03 3.54 3.4 1.19 4.11 5.09 1.04 5.89 9.32 4.19 6.66 0.19 2.92 9.96 2.96 5.19 9.51 4.86 1.18 4.78 3.79 5.75 3.81 9.12 5.69 1.48 5.2 2.53 8.34 4.26 8.56 0.99 9.92 5.86 5.25 3.74 1.46 8.44 6.91 6.03 5.59 4.54 4.95 5.33 9.38 5.83 9.83 9.89 2.1 4.54 9.22 6.15 0.3 7.02 0.31 5.55 5.73
int 65 39 58 96 9 32 39 35 76 45 27 65 94 78 88 78 2 29 59 98 66 7 81 77 8 87 9 60 43 18 58 42 20 58 1 16 49 80 61 93 16 48 23 67 25 51 65 35 97 5 63 68 25 70 31 8 47 66 30 71 39 34 19 10 64 28
bool 66 1 1 1 0 0 1 1 0 1 0 0 0 1 1 1 1 0 1 0 0 1 0 1 0 1 1 1 0 1 1 1 1 0 1 0 1 1 1 1 1 0 0 0 0 0 1 0 1 0 0 0 1 1 1 1 1 0 0 0 0 1 1 1 0 1 0
bool 68 1 1 0 0 1 0 0 0 1 1 1 0 1 1 0 0 1 0 1 0 1 0 0 0 0 0 0 1 0 0 0 0 0 1 1 0 0 0 0 0 0 0 1 0 0 1 1 0 1 0 0 1 1 0 0 0 1 1 1 0 1 0 1 1 0 0 0 0
bool 70 1 1 0 1 1 1 0 1 0 0 0 0 1 1 1 0 0 0 1 1 0 0 1 1 0 0 1 0 1 0 0 1 1 0 1 0 1 0 1 0 1 0 1 0 0 0 0 0 1 1 0 1 1 0 1 1 0 0 1 0 0 1 0 0 1 1 1 1 0 0
char 70 j a d k j n n c l d q p f s d i o b o o f c k t k e i l j o f j n e m r k l j c e i q g j n b b h d a j a p e r h m f l t q s j h m f a m b
bool 70 0 1 0 1 1 1 1 1 0 0 1 1 1 0 1 0 1 1 0 1 0 1 1 1 0 0 0 0 1 1 1 1 1 1 0 1 0 1 0 1 1 0 1 1 0 0 0 0 1 1 1 1 1 1 1 0 1 1 0 0 1 0 1 1 0 0 1 0 1 0
double 72 8.01 5 7.93 9.16 2.29 9.25 4.25 7.95 9.53 0.44 8.29 4.68 2.46 5.29 9.41 5.48 6.29 6.86 6.19 0.79 7.04 8.98 5.88 6.39 1.82 8.75 7.19 1.16 9.86 4.66 8.94 2.44 5.78 4.66 2.4 6.26 8.77 5.33 4.08 5.62 8.83 3.89 6.15 9.05 7.67 5.38 3.43 1.23 3.19 5.67 9.49 2.65 1.03 7.77 9.13 9.28 4.68 0.33 9.46 6.25 6.05 1.03 7.69 6.78 7.62 4.51 9.78 5.14 0.8 4.08 7.51 2.38
double 74 1.16 0.95 1.26 8.64 5.95 2.64 2.24 1.92 7.33 2.04 4.26 4.79 1.62 2.38 2.4 6.32 7.55 2.26 4.37 3.9 3.08 2.61 3.15 6.17 6.34 7.79 6.21 0.58 9.07 0.89 6.28 1.67 5.43 6.28 4.8 3.46 1.07 6.85 6.57 1.85 5.2 1.04 1.09 4.69 6.56 5.45 1.84 0.81 0.07 0.38 8.71 9.54 5.85 9.75 2.26 6.83 3.85 9.29 9.4 2.62 8.39 4.84 8.9 2 1.46 7.15 4.01 2.93 4.46 7.05 2.34 9.76 7.79 0.85
int 76 64 38 91 73 41 29 30 11 99 26 55 10 99 43 39 58 70 9 26 7 11 57 34 66 83 24 67 74 66 85 23 10 27 36 70 45 91 22 75 42 13 96 16 42 19 56 15 86 53 38 76 7 31 22 18 16 32 57 32 22 52 88 84 83 40 58 17 90 69 52 71 82 49 31 23 30
double 77 9.71 8.68 7.01 5.81 6.41 4.44 5.85 4.13 0.02 1.42 1.62 8.53 2.44 6.21 5.24 3.12 9.3 2.58 1.6 1.71 1.05 0.31 0.09 7.32 9.02 1.52 2.5 9.16 1.47 8.37 6.41 5.51 8.41 6.25 8.13 9.73 5.87 4.24 0.81 6.46 6.94 9.01 8.71 4.35 2.23 5.82 5.27 2.18 7.81 2.22 4.45 7.54 0.51 7.91 0.83 9.36 7.48 3.54 6.5 5.5 9.52 3.05 8.72 2.89 7.03 9.1 7.68 7.06 9.51 6.37 3.07 9.79 8.63 8.32 7.47 8.17 2.12
bool 78 1 1 1 1 0 1 1 1 0 0 1 0 0 0 1 0 1 1 1 0 0 1 1 1 0 1 0 1 0 0 0 0 1 0 1 1 1 1 1 1 1 1 0 1 0 0 0 1 1 0 0 1 0 0 0 0 1 1 1 0 1 1 0 0 0 0 0 1 0 1 0 1 1 0 0 1 1 0
double 81 6.65 6.09 7.78 7.98 8.32 6.42 0.32 4.48 5.66 2.26 1.63 2.75 7.55 3.63 4.9 9.44 3.63 5.17 5.43 0.58 9.9 8.82 7.82 1.65 2.37 4.39 0.07 6.53 2.21 8.54 2.37 4.55 2.02 8.02 3.74 8.57 2.88 4.55 1.59 0.46 3.77 4.59 6.95 5.21 3.04 7.83 4.76 1.34 6.98 5.37 8.72 5.29 6.52 0.1 3.47 8.41 2.24 6.45 2.57 7.83 7.03 7.69 6.58 7.35 6.45 9.87 5.38 2.03 5.33 4.75 8.88 1.92 1.44 3 9.26 1.44 9.63 1.19 1.59 5.55 1.44
char 82 d l f b f c e n g l b a h n o g k e e r n m a k j a g f a n s g g c d s a c e b r i t e b i c t k h b l a o j r l n f p r l d m g q i k b i q f a m j n o r l c f g
bool 83 0 1 0 0 0 1 0 0 1 1 0 1 1 1 1 1 1 1 1 1 0 0 0 1 1 0 0 1 0 1 1 1 1 0 1 0 0 1 0 1 0 0 0 0 1 0 1 0 1 0 0 1 1 0 0 1 0 0 1 1 0 1 0 1 0 1 1 1 0 0 1 1 1 1 0 0 0 0 0 1 0 1 0
bool 83 1 0 1 0 1 1 0 0 1 1 0 0 0 1 0 0 1 0 0 0 0 1 1 0 1 1 1 1 0 0 1 0 0 1 0 0 0 1 0 1 0 1 0 1 0 0 1 1 0 0 0 1 0 0 1 1 0 0 1 0 0 0 1 0 0 1 1 0 1 0 0 0 1 1 1 1 0 1 1 0 1 1 0
bool 84 1 1 0 0 1 1 0 0 1 1 0 0 1 1 0 1 0 1 1 1 0 1 1 0 1 0 1 0 0 1 0 0 0 1 1 1 0 0 0 1 1 0 0 1 1 0 1 1 0 1 1 0 0 0 0 1 1 1 1 1 1 0 0 0 1 0 0 0 0 0 0 0 0 1 0 0 1 1 0 1 1 1 1 1
int 85 79 58 99 30 99 2 7 77 5 21 28 6 77 43 39 37 60 4 63 3 98 61 84 34 74 23 58 7 93 61 56 64 15 37 53 75 12 18 90 60 69 34 84 91 52 37 54 89 82 83 43 88 26 33 71 31 14 78 55 22 75 15 35 81 31 63 55 43 98 22 34 86 67 7 38 37 52 76 77 10 13 76 5 3 21
char 86 j g p d m s t r p f b p p m l l f k p g c q l n b j s n p o m j o p m h g s q f t h n h n t r e c g q d q r d l r k k e t g a p h d i b h m b j m l h k f i b d j o p c b a
char 86 d h q d m s r c g r h a i r e j s g s k p p q d q o d p m f b j k o e s b d l g p i k k n o f m r n q g c d m r j r j m h h b o a r p g l g r m s s d b g p l l g h t g e p
int 87 42 89 59 4 55 89 26 76 87 61 90 20 31 38 38 60 77 64 91 45 63 63 28 88 30 2 54 45 59 8 98 91 21 83 2 36 52 71 61 9 82 72 12 55 99 87 78 54 19 17 32 93 67 9 95 63 32 8 46 22 99 55 21 57 85 29 30 45 86 59 98 9 1 71 25 99 20 49 32 99 80 77 94 70 25 20 49
char 87 e a t s o q k o k g o q o t i j o p b e c c d n b j o s c e i t a c n f m l c s j b g a b j i h k d h d p r j s j g f a n j s l a r l d p p l p g h f l g h r t l r g n q b q
double 87 7.12 0.09 3.32 2.84 7.33 0.98 6.76 6.62 8.3 5.27 5.92 4.89 6.71 9.71 0.97 3.77 7.04 3.17 6.7 9.68 6.56 4 1.24 6.23 2.76 8.82 7.37 7.17 4.79 7.3 8.96 2.4 3.58 1.45 7.33 1.15 7.18 1.45 3.3 1.3 6.93 8.71 7.62 8.88 8.68 6.71 7.39 5.42 8.12 5.82 0.61 0.53 4 9.52 8.5 5.54 5.95 3.06 6.73 2.54 4.28 6.74 0.64 9.28 5.43 0.67 2.45 3.13 6.82 5.65 2.39 4.78 2.42 0.04 4.61 1.92 5.86 6.1 0.8 6.71 8.43 2.3 9.79 4.12 4.25 0.04 7.95
bool 88 0 1 1 1 0 1 0 0 0 1 0 0 1 0 0 1 1 0 0 1 1 1 0 0 0 1 1 1 0 1 0 1 1 0 0 0 1 1 0 0 0 0 1 0 1 0 0 1 1 1 0 0 1 1 1 1 0 1 1 0 0 1 1 1 1 0 1 1 0 0 1 1 1 1 1 1 0 0 1 1 0 0 1 1 1 1 0 0
bool 91 1 1 0 0 1 0 1 1 1 0 1 1 0 1 0 0 0 1 1 1 0 1 1 0 1 1 1 1 1 0 0 1 1 1 1 0 1 0 0 0 1 0 0 0 1 0 1 1 1 0 0 0 1 1 0 1 0 1 0 0 1 0 0 0 0 0 0 0 0 0 1 1 0 0 0 1 1 0 1 1 1 0 1 0 0 1 0 1 0 1 0
char 92 d r h b d e j m s a t k t m p h p a p d d j g d n k r m b i r b h r m g t p l c t f c a e i k o l e r c m e s f p h j a j e r q k m c a m c c d t i p g e c n g k k h d e r j p k n j k
double 93 8.94 5.4 1.76 4.62 7.87 1.92 4.26 6.27 2.8 3.11 2.86 1.8 1.31 9.86 5.11 0.46 9.46 8.69 7.24 3.55 4.89 1.56 2.15 5.04 3.41 4.92 3.77 6.84 5.54 3.96 2.18 7.96 6.05 5.55 9.51 3.2 8.09 9.27 9.23 7.89 7.81 1.73 3.93 1.6 9.65 9.06 3.43 4.09 0.39 8.4 8.96 3.03 0.73 8.89 2.65 7.39 2.38 6.78 4.92 1.69 2.35 7.26 9.4 4.97 6.69 4.87 7.02 0.06 3.33 7.81 2.43 6.91 8.92 7.63 1.52 1.95 8.77 2.24 7.64 8.79 6.01 8.45 2.26 4.24 9.38 7.71 4.57 5.73 2.72 3.41 6.87 9.89 5.43
char 93 m r i n o i p k k t o t c j t k h f i p e h j p t m g s h o s n n g d s i c s i l a f f k o m c s k j g f c o p n r g h l f o i n d n k f s r d b d a n t c d g n e b q c q c s l g f f e
int 93 98 93 62 37 22 80 16 31 59 62 95 52 10 22 96 36 45 28 93 15 92 84 33 53 79 55 58 69 94 89 46 87 36 61 5 8 45 76 91 91 44 73 49 10 87 53 68 1 63 11 60 9 65 62 94 48 52 49 97 79 50 65 28 87 2 33 73 55 5 88 73 94 53 97 99 92 98 44 10 76 15 11 7 19 81 28 26 22 72 6 53 89 5
char 93 d d h a i r r h d d d s j s b a n g t n f j b a i i r c a a m c g f i c q m p a i s d c e d t k m s q n n i p c a m m b h h h s o e f s n e r e c b q r b p e i r b q q e i j f h a b f d
bool 94 0 1 0 1 1 0 1 0 1 1 1 0 0 1 0 1 0 0 1 1 1 1 0 1 1 0 1 1 0 1 1 0 0 0 0 1 0 0 0 0 0 0 1 1 1 0 0 0 0 1 1 0 0 1 0 1 0 1 1 1 1 0 1 0 0 0 1 1 1 1 0 1 0 1 0 1 1 1 0 0 1 0 1 0 0 1 1 1 1 0 1 0 0 1
char 95 e a k b k r r n n n t g t j n a f f j q g d c p g h c f k j e g o c i g j p e c c j s q j e d l c j a m g l t b h g c o o s f g l e e a s j f i s m c a l j e r r c s c e p l b m m l b c h o
double 96 5.49 5.17 7.68 6.52 8.76 4.58 8.1 4.24 1.98 0.72 6.01 1.36 1.16 3.19 7.32 5.45 3.65 8.28 4.27 3.81 3.42 8.78 7.53 8.43 5.33 1.17 6.45 0.66 2.86 4.32 4.02 4.41 5 8.36 4 0.54 8.06 6.34 4.77 3.03 7.53 4.65 4.39 1.87 7.44 3.09 0.31 4.59 9.94 7.16 4.6 1.87 5.48 3.08 4.6 7.69 7.16 6.75 3.75 7.31 1.12 1.52 4.32 8.85 5 5.59 0.29 3.29 6.09 4.14 6.44 4.87 4.58 2.55 1.27 6.18 0.05 4.79 1.87 3.62 1.06 7.32 8.05 3.07 4.38 7.95 6.48 0.96 8.9 8.78 8.72 2.1 7.09 5.86 9.47 1.11
bool 96 0 1 0 1 0 1 0 0 1 0 0 1 1 1 1 0 0 0 0 1 0 1 0 1 0 1 1 0 0 1 0 1 1 0 1 1 0 0 0 1 0 0 1 0 0 0 1 1 1 0 0 1 0 0 1 1 0 0 0 0 0 0 1 1 0 0 0 0 1 0 0 0 1 1 0 0 0 1 1 1 0 1 0 1 1 0 1 0 0 1 1 1 1 1 1 0
char 97 c m m o r f b s a b n o p q q q e b k p a o s g k s b j m d q p l j q l t r m o n b g k f j p h e t h r p i g t b c g i n q b c e n s l a l b o m g g f r r k d g f h l o q q h j m l q a h o c m
bool 97 1 1 1 0 1 0 1 1 1 1 1 1 1 1 0 1 0 1 0 1 0 1 0 0 0 0 1 0 1 0 1 1 1 1 0 0 0 0 1 0 1 0 0 0 0 0 1 0 0 0 1 0 1 0 0 0 1 0 1 0 0 0 0 1 0 0 1 1 0 1 1 0 1 0 1 1 1 0 0 1 1 0 0 1 1 1 0 1 1 1 1 1 1 0 0 1 0
double 98 6.02 3.95 8.19 4.28 3.85 6.34 0.02 6.57 7.2 5.97 1.82 2.77 1.25 5.03 0.02 1.91 0.87 5.11 3.06 3.93 7.16 7.66 0.84 6.99 6.62 7.13 4.82 1.53 9.63 2.41 7.8 2.21 8.52 6.28 4.92 3.84 7.39 4.3 1.37 0.88 4.4 0.96 4.7 8.9 4.91 8.99 9.72 6.26 3.33 5.21 9.53 7.88 2.25 7.27 8.82 8.12 5.39 9.76 3.86 6.89 9.87 2.62 4.29 0.49 7.54 3.42 7.46 7.54 9.89 1.05 8.94 6.74 4.34 5.73 3.44 2.89 2.45 8.93 9.29 3.49 7.07 8.03 8.1 7.3 2.51 5.39 8.34 3.35 3.6 0.06 6.7 0.47 9.24 9.8 5.1 1.97 0.88 6.87
int 99 40 60 93 48 83 88 45 78 52 53 53 58 58 60 54 78 12 72 45 47 56 54 45 84 57 65 12 19 10 93 30 78 99 65 67 19 87 67 82 30 85 30 28 96 88 85 79 17 67 88 42 93 49 29 70 20 56 64 34 17 10 78 58 88 91 4 82 80 41 27 25 82 61 30 73 63 16 64 54 69 24 77 47 77 72 37 27 10 59 92 80 60 13 45 31 62 99 52 52
bool 101 1 0 0 1 0 0 0 1 1 1 1 0 1 1 0 1 0 1 0 1 1 1 0 0 0 0 0 1 1 0 0 1 0 0 0 0 0 0 1 1 0 1 0 1 1 1 1 0 1 1 0 1 0 0 0 0 1 0 1 1 1 0 0 0 0 0 0 1 0 0 1 0 1 0 0 1 1 1 1 1 0 0 1 1 0 1 0 1 0 0 0 0 0 1 1 0 1 1 1 0 1
int 104 51 31 54 83 23 56 10 81 90 76 69 45 62 50 82 29 59 31 85 72 6 44 12 6 57 53 52 31 85 35 46 51 67 3 83 76 41 24 41 92 40 45 77 14 95 69 54 76 6 22 41 64 76 18 5 18 44 36 15 78 4 96 14 38 8 2 85 30 40 13 79 20 70 35 43 6 65 69 20 68 26 92 36 95 54 92 48 53 51 7 77 99 2 15 28 46 35 13 23 73 99 99 26 48
int 104 83 11 68 47 77 76 18 86 49 53 46 69 54 65 49 88 14 58 3 37 82 17 71 26 77 40 79 85 48 18 83 56 20 11 31 72 18 43 80 27 14 91 7 82 32 34 88 2 93 56 2 74 7 6 89 11 80 60 81 4 19 68 3 29 80 17 43 74 34 83 35 73 35 65 78 57 48 74 16 18 92 70 3 32 67 11 9 82 83 42 94 97 90 79 50 15 16 43 20 21 33 51 47 72
double 105 0.75 1.43 6.55 6.05 5.1 3.6 1.39 1.75 7.29 3.38 0.89 9.53 2.68 9.39 0.57 3.19 0.95 2.79 7.63 8.42 9.42 1.24 1.18 4.89 7.76 6.81 8.56 2.28 2.63 9.61 8.9 2.14 6.69 3.14 7.64 5.42 1.19 1.36 7.98 7.18 9.41 5.89 7.23 2.84 7 1.76 4.36 1.32 7.69 0.59 4.92 4.44 7.85 0.6 3.02 2.57 5.25 1.99 6.1 7.01 2.42 0.12 9.27 7.04 5.46 4.91 6.06 3.16 7.64 3.3 4.54 8.26 9.25 2.72 5.54 4.03 5.8 7.72 4.34 1.51 6.18 6.85 8.9 6.48 9.39 5.97 5.59 1.11 6.41 6.47 6.7 7.55 8.39 4.23 8.02 1.17 1.01 0.44 0.4 6.15 3.53 8.43 3.64 6.65 7.92
char 106 i h j f q r r c s p k e m f b r l q k n d r n g k p d m k s a e m a q c q k r o q t f h j r q n d q j j h j p o d q m e c d s c e g h s o n k t i t m n e f d h q a d p c l b j b a k o r h i g c d d l f b e i r s
double 107 9.97 4.3 8.64 9.03 3.05 3.36 2.7 6.68 5.84 9.54 8.93 3.43 5.13 9.99 3.56 5.55 1.71 8.93 8.34 0.03 7.58 1.61 4.73 7.24 9.32 8.24 5.26 2.75 6.75 5.76 6.11 5.18 3.45 7.07 0.24 1.3 0.98 4.37 5.73 2.56 4.18 1.43 6.32 5 2.99 5.76 4.69 0.6 7.4 8.04 7.87 0.72 9.07 2.97 3.3 9.27 9.88 3.02 0.1 3.3 0.71 8.39 9.12 4.44 6.29 1.06 3.69 4.49 5.06 0.94 8.93 2.12 1.26 7.63 6.35 0.4 0.03 2.07 8.01 2.5 2.57 8.26 8.79 8.9 7.35 9.93 7.26 1.41 6.46 4.59 0.56 8.89 2.29 1.03 4.71 2.99 0.57 6.28 0.24 7.74 4.62 6.89 2.32 7.62 5.25 6.78 4.66
int 108 56 56 44 50 35 26 81 25 22 80 19 79 28 91 55 53 59 17 74 43 96 12 8 71 31 83 79 13 9 41 30 14 62 89 5 11 15 27 45 66 63 36 20 51 8 62 90 29 99 26 49 42 41 73 18 50 47 90 93 92 93 2 12 37 79 32 65 29 2 57 7 57 91 89 4 22 54 66 17 18 13 44 58 38 81 90 68 92 83 52 32 41 74 56 45 98 39 32 23 60 61 25 2 86 66 22 12 3
int 108 49 47 41 92 77 35 68 2 3 20 98 72 22 89 87 95 80 61 66 32 89 6 23 1 14 81 68 34 62 4 38 17 60 14 40 87 49 71 42 67 41 60 96 33 98 57 16 4 10 61 88 31 91 41 64 39 72 19 89 86 28 1 53 97 63 44 72 15 5 43 67 94 25 46 7 22 47 69 20 55 5 34 83 40 85 31 68 18 40 88 30 7 59 11 17 35 17 18 42 35 69 29 99 73 21 44 70 43
int 109 99 88 96 57 19 50 37 12 46 78 37 64 18 26 6 58 86 91 86 8 53 88 20 30 26 72 93 86 21 51 39 32 97 91 30 74 81 72 61 36 98 98 36 13 14 63 67 70 65 95 73 36 93 58 13 65 89 55 12 47 7 46 66 63 27 43 39 18 73 44 42 63 17 65 41 2 42 80 52 18 25 69 81 29 32 14 69 47 36 37 22 28 56 66 42 31 91 54 60 83 31 55 90 81 11 17 5 97 21
