char 12 a o e p j h p n j a p p
int 13 63 19 38 83 44 88 32 15 17 67 24 94 93
int 15 65 42 23 2 40 32 28 25 3 8 6 43 9 3 42
bool 15 0 0 0 0 1 1 0 1 0 1 1 1 0 0 1
bool 17 0 1 1 0 0 0 1 0 0 0 0 0 1 1 1 0 0
bool 17 1 1 0 1 0 0 1 0 0 0 0 1 1 0 1 0 0
char 17 n c q q g n e e m t c i t c f q h
double 20 3.84 4.48 2.21 7.79 4.41 9.48 5.17 8.08 2.91 2.75 8.52 9.46 9.07 4.43 0.3 8.33 6.32 4.87 1.52 8.26
char 21 r j p j g g s f c s n t d d d t b o o p c
char 21 m l m n r r g f b t j h t k q f b h t r n
int 24 79 60 97 20 73 39 99 51 26 38 15 54 67 85 12 73 5 75 89 98 15 33 89 52
bool 24 0 0 0 0 0 0 1 0 1 0 0 0 1 0 1 0 1 1 0 0 0 1 1 1
int 25 15 59 31 80 95 46 63 17 78 32 50 56 9 45 49 77 86 44 27 14 46 78 15 24 27
bool 26 0 1 1 1 0 0 0 1 0 0 1 0 1 1 1 0 1 0 0 1 0 0 1 1 1 0
int 28 10 87 50 30 31 73 1 27 4 86 84 92 5 94 61 55 70 83 81 55 77 92 93 74 9 78 8 43
bool 28 1 0 1 1 0 1 1 0 1 1 1 0 1 0 0 0 0 0 1 1 0 0 0 1 0 1 1 1
bool 30 1 0 1 0 1 1 1 1 1 0 0 1 1 0 1 1 1 0 0 0 0 0 1 1 1 0 0 1 0 0
char 32 r r s f o s k n h l l g i c g l i s n f p c c k s e k e j k r c
int 33 85 15 3 80 33 3 17 6 82 21 79 79 36 44 42 50 10 77 54 67 88 19 67 87 92 59 83 52 21 67 40 2 68
double 34 2.78 4.97 5.27 6.78 3.68 3.53 6.67 2.35 1.34 8.11 0.87 3.61 8.64 4.95 0.13 6.66 7.81 6.14 6.01 3.47 4.84 2.7 9.45 1.68 8.03 2.78 3.53 6.38 4.22 6.02 5.27 2.8 4.1 2.32
double 37 2.9 6.71 3.25 6.64 3.16 1.39 1.63 8.86 3.25 7.83 7.22 0.67 0.17 4.32 9.42 0.83 8.82 5.02 2.05 6.49 3.97 9.55 3.41 5.21 4.5 2.81 8.1 2.94 4.31 0.62 5.98 6.13 5.93 3.99 8.27 9.42 7.59
char 39 n s g j p m b e h b h r h l d l r c n j s i k h p c p i r o o b h s e l n e o
char 40 o f d c k p e b k s q e h l f d e m j f d l g t g l e s s o s q d a m p n s n e
bool 41 0 0 1 0 1 0 1 1 1 1 0 1 1 1 1 0 1 0 1 0 1 1 1 0 1 0 1 0 1 0 0 0 0 1 0 0 1 0 0 0 1
int 42 93 19 92 2 70 58 37 68 54 18 72 37 12 84 22 60 95 5 68 34 42 2 86 62 77 34 8 81 77 2 14 24 17 99 52 84 60 32 15 84 91 86
int 42 42 86 89 61 70 59 58 22 82 48 23 71 46 26 74 2 48 23 93 12 71 14 13 63 97 66 11 98 63 86 20 24 41 5 88 8 29 96 19 78 18 52
int 42 88 90 65 94 54 47 91 20 59 46 53 94 90 83 85 57 21 86 78 25 39 21 90 89 74 47 15 12 78 1 65 90 87 4 25 20 70 5 68 75 82 31
bool 43 1 0 0 1 1 1 0 1 1 1 0 0 1 0 0 0 1 0 0 0 1 0 1 1 0 0 0 1 0 1 0 0 0 0 1 0 1 1 1 0 1 0 1
char 44 k i f l r t g c l h d k h l h h m a f s c f a c j s r h p b l n e m j p c o k j o c k o
bool 47 0 1 1 0 0 0 0 0 1 0 0 0 0 0 1 0 1 0 0 1 0 0 1 0 0 0 1 1 0 0 0 0 0 0 1 0 1 1 1 1 0 1 1 1 0 0 1
bool 47 1 1 0 1 1 0 0 1 0 1 1 1 1 1 1 1 1 0 0 0 0 0 1 0 0 0 1 0 1 1 0 1 1 0 0 1 0 1 1 1 0 0 0 0 0 0 0
int 47 91 1 17 89 74 93 38 4 85 32 35 33 35 26 13 67 71 57 74 96 88 45 77 30 24 36 89 57 49 78 4 5 41 69 59 84 72 48 78 77 14 73 30 19 85 71 11
int 48 20 53 78 75 87 19 37 36 1 26 63 30 41 81 48 55 89 50 5 23 51 12 28 91 94 84 32 15 3 83 86 95 51 91 27 21 67 65 78 30 29 16 1 99 3 60 40 16
int 49 18 7 44 75 24 71 81 62 59 95 92 82 8 15 57 1 19 63 40 70 38 91 87 16 82 73 54 26 7 70 12 62 59 74 77 91 8 14 88 97 88 75 29 55 58 13 75 6 90
bool 50 1 0 0 1 0 1 1 1 0 0 0 0 0 1 0 0 1 1 0 1 0 0 0 1 0 1 1 0 1 1 0 1 0 0 0 1 1 0 1 0 1 1 1 1 0 1 1 0 0 0
char 50 p t d q m j d b j c b t h c p s t b b t t d p s a h b n f i i i q r k q g p o p q f n m o h c l r o
double 50 7.82 0.29 8.52 4.19 0.85 3.14 3.54 2.69 7.39 7.88 3.95 8.78 5.31 4.2 3.25 2.1 8.85 5.24 3.57 1.21 8.98 4.88 7.49 5.64 3.88 8.77 3.53 1.33 0.04 9.07 3.92 2.01 2.25 3.64 6.9 3.88 2.74 3.58 1.06 7.69 8.06 1.47 7.21 8.9 4.98 9.05 9.3 3.01 8.18 8.46
bool 51 0 0 0 1 1 0 0 0 0 1 1 0 1 0 0 0 0 0 1 1 1 0 1 0 0 1 1 1 0 0 0 1 1 1 1 1 1 1 1 1 0 1 1 1 0 0 0 0 1 0 1
double 51 3.82 3.34 6.77 1.13 8.2 2.47 1.78 3.9 7.83 3.04 2.17 3.2 1.16 4.8 3.58 1.82 5.5 3.07 1.04 5.96 6.38 8.99 6.91 4.64 3.87 7.17 9.21 3.2 2.77 7.21 0.43 8.25 1.84 6.64 1.67 0.22 4.97 0.44 1.58 4.93 2.9 8.79 0.24 6.54 2.68 4.02 3.31 6.17 2.32 1.75 4.72
double 51 7.67 0.59 3.02 4.27 8.43 6.85 7.77 6.5 3.75 0.26 0.88 9.76 5.41 0.45 5.42 7.43 8.77 0.71 7.02 5.71 5.11 4.28 3.47 1.15 4.31 5.85 8.03 0.93 0.5 5.91 3.64 6.36 9.15 7.26 5.6 2.61 8.37 8.43 4.14 5.38 7.85 4.49 8.05 6.85 6.01 4.74 6.74 2.66 8.19 2.59 9.78
int 52 5 82 2 6 42 62 45 82 73 44 59 93 18 13 95 13 8 54 16 64 26 3 91 7 20 53 78 9 56 93 61 74 92 81 20 27 99 17 30 87 68 69 51 92 72 44 10 94 76 2 1 83
double 52 8.63 7.03 0.91 8.15 0.13 9.13 0.04 0.06 1.36 7.55 5.72 1.49 1.92 4.7 2.54 1.1 3.07 9.58 8.57 0.46 5.52 3.45 0.2 3.68 4.61 7.44 2.28 8.14 9.75 5.68 6.02 3.64 6.02 1.21 9.12 1.93 4.73 8.11 3.07 8.23 1.64 6.28 9.68 4.39 4.42 8.3 8.61 5.46 3.18 5.95 4.42 7.74
bool 53 1 0 0 0 0 1 0 0 0 1 1 1 0 0 0 1 1 0 1 0 0 1 1 0 0 1 0 0 1 1 1 0 1 0 0 1 0 1 0 1 1 1 1 1 1 1 1 0 1 1 0 1 0
double 53 0.95 3.28 5.11 5.79 2.34 5.37 1.03 8.01 4.31 5.8 2.78 5.8 9.71 1.26 6.09 1.1 7.72 0.05 9.94 7.95 3.39 7.77 8.18 6.47 5.51 3 1.4 1.21 2.29 2.51 1.32 2.43 4.73 4.36 0.88 2.52 8.64 4.55 5.4 8.93 4.61 7.26 8.67 9.65 8.24 3.88 1.19 5.47 9.68 4.58 8.18 9.03 2.9
bool 53 0 1 1 1 0 1 1 1 0 1 0 0 1 0 1 1 0 0 0 1 0 1 1 1 0 0 1 0 0 1 1 1 1 1 1 1 0 0 0 0 1 0 0 1 1 1 1 0 0 1 1 0 0
int 53 31 96 3 29 93 22 19 23 86 41 30 78 49 59 58 89 30 87 45 55 30 45 86 87 95 61 64 65 64 93 28 59 82 63 23 1 96 72 60 52 32 55 98 15 89 53 79 27 40 9 81 47 87
int 54 13 12 21 73 92 11 4 49 36 49 26 87 36 66 74 33 28 35 71 25 11 15 51 7 58 25 58 39 73 16 69 42 12 71 74 56 72 35 75 89 58 62 90 51 25 32 53 98 2 63 79 65 82 62
int 55 54 35 42 38 75 56 59 25 30 38 10 85 31 53 32 51 73 10 5 57 94 52 89 68 21 70 20 56 93 51 16 81 27 59 32 80 78 84 2 36 97 98 78 67 83 83 87 33 91 63 53 28 64 41 69
int 55 58 92 9 77 25 58 96 65 71 72 66 76 83 28 2 45 13 71 94 90 93 85 36 46 51 95 60 15 86 65 41 22 33 71 59 93 50 74 3 9 23 79 48 47 92 70 61 51 95 58 33 89 85 47 36
bool 55 1 1 1 1 0 1 1 0 0 0 0 0 1 1 0 1 1 0 1 1 1 1 1 0 0 0 0 1 0 1 1 0 0 0 1 0 0 0 1 1 0 1 0 0 1 1 1 1 1 1 1 1 0 0 1
int 56 71 19 43 74 44 76 54 25 97 57 36 78 3 26 71 82 25 54 18 94 82 57 70 88 90 32 58 65 51 86 50 26 56 78 87 61 58 51 45 67 70 51 8 17 41 1 59 5 75 82 26 68 44 76 26 92
int 57 88 97 29 65 51 69 3 81 66 88 96 5 28 5 80 79 63 88 44 72 55 45 33 37 26 77 41 45 89 31 45 49 3 74 13 77 3 74 32 64 25 59 94 39 58 67 77 99 58 23 1 88 66 25 21 32 96
char 58 h k d r f n d g j h o p o q d c f i d r t g f g l i e s c h h l g b k a g g r f p e o l k f d j q j c a f o k e h g
char 58 p l l e o p t g t b t m f r e b g h e n k g g t l e b c b r a k r f f e e j o m a j e p l s q s c t i a a a o o a c
int 59 24 95 19 91 73 86 12 40 88 92 75 46 50 76 36 70 85 77 31 69 75 25 47 89 99 12 1 6 16 32 79 23 45 34 32 16 45 51 7 79 20 8 38 39 14 17 6 91 10 94 22 74 63 57 60 24 30 82 76
bool 60 1 1 0 1 1 0 0 1 0 1 1 1 1 1 0 1 0 0 0 1 1 1 0 0 1 0 0 0 1 1 1 1 0 0 1 0 1 1 1 1 1 1 1 1 0 1 0 0 1 0 1 0 0 0 1 1 1 1 1 1
bool 62 0 1 0 1 0 0 1 0 0 1 1 1 0 0 0 0 1 1 0 1 0 1 1 0 1 1 0 1 0 0 1 0 0 0 0 0 1 1 1 0 1 0 0 0 1 1 0 1 1 0 1 0 0 1 1 1 0 0 0 1 0 0
bool 65 1 1 1 1 1 0 0 1 1 0 1 1 1 1 0 1 1 0 1 0 1 0 0 1 1 0 0 1 1 0 1 0 1 0 0 1 1 1 0 0 1 0 1 0 0 0 0 0 0 0 1 0 0 1 1 0 1 0 0 1 0 1 1 1 0
char 67 p k i a p f i d b o e p g m l s e c f j t o g q k i f o s a g h a d m k s m g e l g n i h j d h a t f f p l c c p n s q d b p f g k g
bool 67 0 1 1 0 0 0 0 0 1 0 1 0 1 1 1 1 0 0 1 0 0 1 0 1 0 1 0 0 0 0 1 1 0 0 1 0 0 0 0 0 0 1 0 1 1 0 1 1 0 1 1 1 1 1 0 1 1 1 1 0 1 1 0 1 1 0 0
int 67 32 24 89 37 58 21 56 46 60 38 83 13 73 85 30 58 90 1 33 95 89 85 49 54 38 36 51 92 82 52 84 24 23 49 6 46 77 25 48 33 33 6 74 12 19 93 60 88 49 17 63 74 74 65 26 41 22 51 69 97 31 23 33 92 86 77 27
bool 68 1 1 0 0 0 1 1 0 1 0 0 1 0 0 1 1 1 1 0 1 0 0 1 0 1 1 1 0 0 0 1 0 1 1 1 1 0 1 1 0 0 1 1 0 1 0 0 0 0 0 0 0 1 0 1 0 1 1 0 0 1 0 1 0 0 1 1 0
bool 68 0 1 0 1 0 0 0 1 0 0 1 1 1 1 1 1 0 0 0 1 0 0 0 1 0 0 1 1 1 0 0 1 0 1 0 1 1 0 0 1 1 0 0 1 1 0 0 1 0 1 0 0 0 0 0 1 0 0 1 0 0 0 1 0 0 0 1 0
int 69 6 44 64 88 80 98 49 54 73 74 97 18 13 60 72 96 33 90 21 92 35 57 88 5 96 3 38 37 10 96 20 18 19 12 23 9 71 55 33 11 18 42 86 32 91 93 39 91 51 51 76 37 19 45 66 80 73 97 23 25 80 78 18 55 55 76 63 82 60
int 74 16 7 89 18 95 53 2 22 28 18 28 34 80 61 60 23 68 76 60 49 16 89 59 16 90 26 17 17 84 33 20 95 29 24 18 70 61 7 52 53 63 94 75 71 86 73 52 7 83 53 5 5 53 95 6 72 98 71 22 19 1 40 50 32 49 8 29 1 22 45 16 52 58 52
int 74 25 65 41 61 49 28 17 61 35 59 29 51 41 60 99 66 39 30 38 13 22 85 16 13 36 44 65 77 29 69 22 12 56 64 77 57 52 30 55 6 87 92 78 83 35 61 19 88 56 8 47 86 19 64 81 47 96 46 84 87 50 97 38 42 3 77 78 79 58 80 68 55 6 11
int 75 10 71 39 78 50 3 88 57 1 7 28 9 15 64 33 90 15 17 75 71 69 80 44 83 23 86 66 35 83 5 81 23 97 55 38 42 89 14 32 74 42 60 80 14 30 34 85 75 96 50 44 6 49 79 72 96 92 95 2 30 13 88 26 27 21 84 41 96 30 43 72 37 86 23 26
int 75 15 34 20 62 82 65 33 49 5 21 99 54 32 21 82 88 75 41 9 95 39 44 55 29 87 16 61 10 82 12 40 72 38 72 85 53 54 68 86 64 40 7 44 60 29 23 86 30 18 65 63 73 77 69 63 94 25 78 22 51 45 8 45 62 31 49 6 24 40 59 1 42 8 96 91
char 76 n p c n t k l c l h i q r p a m g a r l h e m l j e c p n e g i n t c a h s t m n k p d c q i c t b i g n t b q j d q i o k n s i s q r i a m s d e o k
char 77 m a t g h t o d h f f t k f s g m m a e d d i r f n f g n l t e t p n p l e t n p n r q e d h d a t l h o k o r p i s q a g r k c n i b q r r a q l n t e
bool 77 0 0 0 1 0 0 0 0 1 1 0 1 1 0 1 0 1 0 0 0 0 0 1 0 0 0 0 1 0 1 0 1 1 1 0 0 1 1 0 0 0 0 0 0 1 1 1 1 0 1 1 0 0 1 0 0 1 0 0 0 1 1 1 1 1 0 1 1 1 1 1 1 0 1 0 1 1
char 77 f m i l e c t n t g g q m d h d i a n j k t k a s d o n t q j d r e g n k k l l m m q c f p f j t l s f k p j j b b q c e t g p i f s f f e d c j m q r b
char 78 m f r a q f g g s i b o r o j d l o l e o d q p i p a b g q b a l b b h s l l f k h o n a d t a b m n l j i a e h m e b m d j s f a p t o t g g c t k j j q
char 79 d k g c n p t t c p o n o q q k b r f a r k j s i g q m j r s t o l i e f h t a d h i e r r p c n n l q d m j f l a g t j h i b a a j c n b p i b f g l f s a
char 79 l b d f s p j t g f c s k f r a r t m e e g l f f r s i q l i c t r a j d t m k j i e n l i i a h t f p q f n q f o e r g h n g g q q o d o b j r k o t n m k
double 82 2.83 1.73 9.14 7 7.36 2.77 7.51 9.35 6.8 5.69 2.16 4.58 9.9 5.91 1.44 3.62 6.02 9.86 9.22 3.06 8.48 9.62 5.81 2.43 7.24 8.9 3.61 2.63 3.8 5.72 1.41 4.07 1.16 0.19 3.29 4.44 2.31 3.69 4.37 0.14 2.8 8.3 5.52 7.8 9.67 7.64 6.26 3.74 5.87 0.75 3 4.56 7.08 8.29 3.65 0.27 3.72 0.95 9.42 0.37 8.09 1.32 4.19 8.79 2.28 3.36 0.64 9.67 9.56 2.55 0.19 2.32 5.6 0.55 8.73 9.81 5.77 8.67 9.88 5.61 5.25 4
char 82 i k m j o p r q q n n b m j a b e m a d k c m a f f s l c p n m g l q q q r a i p r s e s r g p d d l t b h n j r t a t j g l t c m f h i s s s b m r i n t n b f k
double 85 2.57 0.65 0.97 8.84 0.27 4.45 9.8 1.61 2.52 7.16 1.26 2.5 8.08 6.82 1.39 7.03 3.89 1.57 4.33 7.85 8.84 1.42 7.68 6.48 1.18 0.52 9.88 4.33 3.09 5.77 0.93 7.55 3.78 3.57 6.14 1.34 1.88 9.57 8.16 4.92 4.07 3.01 5.7 1.79 2.95 8.56 7.71 6.46 8.54 2.09 9.04 3.77 4.92 8.74 0.98 9.61 0.02 0.94 5.44 1.33 9.13 6.73 1.68 1.81 4.18 6.12 5.54 7.33 0.19 0.08 0.95 1.18 7.9 0.9 5.56 7.45 1.53 7.77 5.63 7.97 8.34 7.08 9.05 9.36 7.18
bool 86 0 0 0 1 0 1 0 1 1 1 1 1 1 0 0 0 0 0 1 0 1 1 1 1 0 0 1 0 1 1 0 0 1 1 1 0 1 1 0 0 0 0 1 0 1 0 1 0 1 0 0 1 0 1 1 1 1 0 0 0 1 1 1 0 1 1 0 0 1 1 1 1 1 0 0 0 1 0 0 0 1 1 1 1 1 1
double 86 0.54 3.59 8.27 3.25 9.62 7.41 0.93 3.53 8.66 4.35 7.4 6.28 2.05 5.28 7.79 2.56 1.53 8.93 6.47 3.09 7.4 2.7 0.11 3.5 6.81 8.16 4.94 0.64 2.18 6.07 8.67 2.2 3.57 3.9 0.78 9.81 6.21 9.33 0.25 1.08 8.77 9.22 9.32 8.14 0.38 9.82 9.89 1.67 3.03 5.8 4.63 2.16 8.55 8.28 9.88 2.91 7.81 3.1 9.08 6.99 5.02 1.51 0.8 7.7 8 5.73 5.15 4 0.8 8.35 9.01 3.95 5.66 7.69 9.62 7.27 8.09 4.28 3.89 8.3 9.55 2.89 9.09 2.85 5.61 6.61
bool 87 1 1 0 0 1 1 1 0 0 1 1 0 0 1 0 1 0 1 0 1 1 0 0 1 1 0 1 1 1 0 0 1 1 1 0 1 0 1 0 0 0 0 0 0 1 0 0 1 1 1 1 1 0 0 1 1 1 0 1 1 1 1 1 0 1 1 0 0 0 0 0 1 1 1 0 0 0 1 1 0 1 0 1 1 0 0 1
double 87 8.13 8.45 5.72 2.95 1.4 1.34 5.07 7.47 8.42 8.71 2.21 7.84 9.58 5.83 9.82 8.65 8.24 1.39 6.02 8.73 0.55 3.61 6.34 1.9 8.53 8.55 6.86 1.34 9.27 9.47 2.45 7.47 3.36 2.64 0.54 1.4 7.65 8.36 8.44 8.28 6.73 0.57 4.7 9.83 0.23 3.18 3.4 7.98 8.15 9.7 7.25 3.07 2.01 6.86 9.25 9.95 6.13 1.83 1.62 8.62 5.51 6.73 0.7 7.53 0.73 8.96 1.56 9.02 1.09 8.13 3.32 4.26 9.13 3.95 9.96 1.75 7.68 4.04 3.49 5.12 9.6 5.67 8.67 7.08 7.9 9.57 6.32
double 89 5.39 6.23 9.58 0.14 8.68 4.47 9.45 4.43 3.71 6.83 9.54 2.9 9.72 6.85 1.36 1.08 4.47 4.87 8.4 1.07 5.3 5.35 0.67 4.43 8.64 0.74 6.85 2.29 1.24 6.25 5.98 7.14 0.96 2.61 4.51 7.69 8.44 7.25 0.3 0.18 5.32 6.72 7.01 3.39 5.35 1.58 5.37 6.86 6.92 7.27 5.21 7.34 9.66 9.41 7.89 9.4 9.62 5.16 1.78 0.98 7.68 9.63 0.91 4.08 4.12 4.87 2.65 3.58 2.02 2.12 2.67 9.03 5.5 1.36 1.56 3.05 2.36 2.53 1.57 5.09 5.05 1.61 4.57 6.49 8.18 5.76 5.62 5.69 2.26
bool 91 1 1 0 0 1 0 1 1 1 0 1 1 0 1 0 0 0 1 1 1 0 1 1 0 1 1 1 1 1 0 0 1 1 1 1 0 1 0 0 0 1 0 0 0 1 0 1 1 1 0 0 0 1 1 0 1 0 1 0 0 1 0 0 0 0 0 0 0 0 0 1 1 0 0 0 1 1 0 1 1 1 0 1 0 0 1 0 1 0 1 0
int 93 15 13 89 33 58 99 78 46 42 27 17 19 47 4 61 32 30 25 95 94 96 46 84 33 14 30 8 18 84 18 2 5 93 24 6 8 44 2 67 3 5 46 28 18 64 39 5 4 11 34 53 96 34 89 27 54 66 37 23 42 63 29 4 30 54 40 31 35 55 69 73 63 33 35 34 62 80 94 99 14 82 3 8 68 58 93 39 51 99 77 5 47 62
char 94 j j g m s r d c h h s l e a r f n j t o k g f t e s d p l j q b b d h k f o j i q b e t n a t e c f p a r a d i b g n k r k j b m f h f l o a g c s e o e t g n b q t a c a a l h r p e h f
bool 97 1 1 0 0 1 1 1 1 0 1 1 0 0 1 0 0 0 1 1 0 1 1 1 1 0 0 1 0 1 1 1 0 0 1 0 1 0 1 1 0 0 0 1 1 0 1 1 0 0 1 0 0 0 1 0 0 0 0 1 0 1 0 1 0 0 1 1 1 1 1 0 0 1 1 0 1 1 0 0 1 0 0 0 1 0 0 1 1 1 1 1 0 1 1 1 0 1
bool 97 1 1 1 1 1 0 0 1 1 1 1 0 1 0 1 0 0 1 1 1 0 1 0 0 0 0 1 0 1 1 1 1 1 0 1 0 1 0 0 0 1 1 1 1 1 0 1 0 1 0 1 0 1 0 1 0 0 0 0 1 0 0 1 0 0 0 0 1 1 1 0 0 0 1 0 1 1 1 0 0 1 1 0 1 1 0 0 0 0 0 1 1 0 1 0 1 1
bool 97 1 0 1 1 0 0 1 1 1 1 1 0 1 1 1 0 0 1 0 1 1 1 1 0 0 1 1 0 0 0 0 1 0 1 0 0 0 0 1 1 1 1 1 0 1 1 0 1 0 1 1 0 0 1 1 0 0 1 1 1 0 1 0 1 1 1 0 1 0 0 1 1 1 1 0 1 0 1 1 1 0 1 1 1 0 0 0 1 1 0 1 0 1 1 1 1 1
char 99 c e k c t a q o t i i q q e m l q l k t c k f h i q q h i l f e p p a q e h n s b i d g r l k q s b l n e s q k g c m d o d c d g k s c j q f g e r g j m p d k s f o o h q l c o t b k h l j g s f c
double 104 4.49 2.36 2.51 4.59 8.76 5.17 4.7 3.42 6.86 5.91 9.48 2.03 6.5 7.45 0.88 4.11 7.14 9.25 5.44 8.83 7.48 7.34 6.7 9.38 5.18 7.46 6.08 1.43 7.1 8.48 0.16 3.59 4.53 1.24 1.33 5.85 8.67 0.77 5.67 9.3 1.56 4.07 0.39 1.49 0.74 4.74 6.33 8.24 7.51 0.61 9.63 1.23 6.3 5.02 9.22 1.4 9.38 3.47 3.62 5.42 6.96 0.61 9.45 9.85 9.08 1.21 3.69 7.05 6.72 1.47 6.08 4.04 5.74 9.79 9.8 5.01 6.3 0.06 1.18 6.83 2.36 8.06 4.38 6.62 8.47 1.82 7.48 5.18 5.13 0.95 0.33 6.65 6.59 6.25 4.47 5.44 4.31 2.95 9.8 8.73 4.17 6.66 1.54 1.78
double 105 8.25 8.34 4.62 9.69 4.07 2.9 9.91 1.37 9.88 2.94 4.52 3.8 5.67 7.05 5.7 4.23 1.36 3.31 8.67 7.28 0.3 2.42 7.26 1.43 1.19 0.09 1.95 9.34 3.32 2.83 3.28 6.2 5.82 2.33 9.27 4.53 0.53 7.8 3.72 8.54 3.88 1.5 0.82 6.25 7.2 5.25 6.18 1.29 8.6 8.3 2.12 3.98 1.21 5.3 8.92 7.55 3.07 6.53 6.96 9.16 7.86 9.03 3.28 0.46 3.8 2.71 6.55 9.23 6.19 3.84 9.82 3.82 6.72 9.55 8.99 1.48 6.29 4.81 7.39 8.47 7.03 1.35 2.51 7.32 3.33 9.58 9.39 4.88 5.19 4.11 3.6 7.44 6.47 9.73 8.57 3.7 1.81 3.08 9.12 9.28 6.09 7.65 0.27 5.6 4.45
double 106 9.04 8.53 1.92 4.31 8.96 4.48 7.74 1.35 1.31 5.22 3.16 9.02 2.48 3.94 5.86 9.4 1.7 1.5 8.91 0.44 1.04 5.84 2.48 0.38 1.76 0.74 2.3 3.81 9.32 9.41 1.46 9 3.71 8.03 9.42 6.12 5.31 6.22 5.56 0.85 5.17 3.41 5.39 2.01 4.18 0.07 7.69 1.61 5.45 8.65 6.85 3.83 0.29 7.51 7.21 4.68 5.21 4.47 5.03 2.37 3.47 7.95 7.88 7.25 1.78 9.95 8.11 1.76 0.8 9.09 7.53 0.63 9.29 0.44 8.51 6.73 7.83 1.08 8.78 0.83 7.46 5.08 9.3 5.9 9.41 5.62 0.16 2.34 2.68 7.87 9.25 6.41 7.05 6.77 5.16 9.8 9.14 7.74 5.4 7.4 3.88 4.46 5.16 2.24 0.66 1.22
char 106 i h j f q r r c s p k e m f b r l q k n d r n g k p d m k s a e m a q c q k r o q t f h j r q n d q j j h j p o d q m e c d s c e g h s o n k t i t m n e f d h q a d p c l b j b a k o r h i g c d d l f b e i r s
bool 107 0 1 1 1 0 0 1 0 0 1 0 0 0 1 0 0 0 1 1 0 0 0 1 0 0 0 1 0 1 1 1 0 0 0 0 1 0 0 0 1 1 1 1 1 1 1 0 0 1 0 1 1 0 0 1 0 0 0 0 1 0 1 0 1 1 0 0 1 0 1 0 0 1 1 0 0 1 1 1 1 0 0 1 0 1 1 0 1 1 0 0 0 1 1 1 0 1 1 0 0 1 0 1 0 0 1 0
double 108 0.57 4.95 4.17 6.82 6.83 7.23 0.93 0.78 7.75 7.59 7.62 3.4 0.44 3.86 0.39 1.73 4.24 7.88 1.37 5.83 6.81 9.61 0.94 8.99 7.18 5.32 9.69 1.11 2.15 0.66 5.94 4.18 9.06 8.2 6.11 8.46 5 2.36 0.02 7.98 0.71 2.85 8.09 0.77 3.59 4.12 7.56 9.24 4.93 8.55 7.02 9.38 8.19 8.16 1.85 4.29 9.36 7.44 1.6 0.79 6.15 1.39 9.3 3.32 2.61 1.95 8.4 2.54 6.43 1.8 3.46 0.15 6.42 8.43 3.35 6.92 9.42 7.69 9.72 8.01 4.98 4.57 7.23 9.1 4.18 3.45 8.62 8.07 6.48 6.89 0.17 0.42 7.43 4.88 5.71 2.58 0.75 1.73 1.86 8.25 5.18 6.31 8.81 1.98 8.34 0.36 1.3 5.61
char 108 l c j b b r l j n e s s e b a p e t t i b k q j d t b t s j j k d g t g d i h d b s h o n r p p m k q s o p t m e d p b n i g a b q d l f g h l r t l j d g b m l h e h q h q q e n i q j c o r e a t g h l a k g d g a
int 109 76 59 16 76 9 98 91 40 42 11 39 45 9 79 34 17 58 7 97 87 48 8 40 14 80 42 64 43 71 24 77 47 39 92 14 17 66 84 97 38 13 63 65 72 85 12 76 40 52 60 72 53 14 5 20 9 7 17 7 57 45 89 9 79 12 16 8 43 5 85 61 39 99 44 76 19 84 21 38 68 99 38 14 27 91 91 73 84 87 85 4 93 23 97 52 58 25 5 69 81 38 7 34 93 64 96 56 90 85
double 109 8.88 9.52 6.28 3.32 1.1 1.73 2.92 9.05 3.93 1.87 8.55 6.79 3.55 6.54 0.05 6.86 9.42 1.09 4.04 3.22 7.02 1.78 6.14 3.96 9.24 6.45 8.4 1.04 2.25 1.65 9.81 3.83 3.86 2.53 1.53 4.43 1.15 8.15 9.54 4.4 1.28 4.66 0.83 6.63 7.37 7.03 6.87 5.53 4.05 0.05 8.57 0.01 6.46 2.03 2.27 7.95 5.88 8.77 8.29 9.23 8.62 8 0.2 0.91 4.19 4.79 4.92 3.61 9.04 7.64 8.87 9.47 9.26 7.16 7.71 6.97 6.26 7.36 3.64 9.79 9.2 1.17 0.78 9.19 5.03 4.54 5.15 1.54 0.37 0.95 2.99 6.66 8.36 3.2 6.95 9.82 5.72 5.85 5.91 2.56 0.9 4.62 7.31 4.49 3.38 3.99 7.23 0.55 7.44
char 109 o e n q c i i g o o d i e p n a o l b j g s n g m d s f o f p a d s m c g i g j a d r l o t c n j q n r c d n n n q e p l r m a p i n c s i c a s d l s n m t j d g l b o p d q j c m h c g p m d o i b i s c i k a t t s
