10 2 8 8 13 18 1 15 13 5 14 3
10 4 18 8 3 5 2 12 6 16 17 18
10 1 1 17 11 8 17 18 17 17 14 4
14 3 23 22 5 24 22 4 11 19 26 8 14 3 3 10
14 12 1 20 17 18 27 14 1 2 14 14 8 0 22 22
14 3 22 11 26 4 10 6 3 19 19 13 13 8 27 15
26 21 24 35 50 18 44 1 18 14 2 40 28 29 51 28 20 20 39 10 43 31 29 20 21 40 20 0
26 4 12 47 10 39 24 23 12 24 48 4 6 38 19 20 39 14 3 47 20 51 50 32 21 32 20 23
30 19 0 18 29 55 38 52 53 22 56 56 46 33 44 44 52 39 22 28 59 42 45 56 27 52 48 20 10 38 12 45
34 1 5 67 28 31 51 13 48 10 48 51 23 54 30 67 25 27 1 67 10 9 56 67 54 2 3 46 0 1 20 22 47 13 32 15
34 21 54 1 54 37 52 56 66 53 1 33 30 1 12 12 35 25 26 20 47 35 32 23 50 9 65 21 43 42 0 13 43 34 8 56
46 3 27 17 43 53 57 81 57 20 65 76 79 21 35 29 20 42 20 3 24 6 68 56 41 61 24 20 4 32 4 69 86 39 27 23 19 49 34 58 87 0 39 77 75 49 57 87
50 2 11 47 44 76 96 78 56 36 62 39 39 79 87 66 0 6 91 56 98 46 70 33 1 90 84 58 27 94 86 97 89 35 27 68 0 64 40 88 10 83 23 31 23 56 14 12 69 52 62 81
50 16 35 71 24 70 66 93 28 26 33 99 3 26 88 41 89 19 81 15 23 98 52 68 61 89 1 83 93 20 13 42 26 50 56 32 6 92 64 2 6 90 19 2 34 75 92 32 94 69 43 47
58 17 23 79 26 51 36 7 101 24 11 107 92 102 65 103 40 96 28 108 38 111 0 80 112 111 45 84 48 2 89 30 27 54 90 36 44 2 61 114 63 9 37 26 40 44 95 73 10 72 9 102 109 2 85 82 93 45 20 57
62 37 45 82 122 70 63 116 58 70 21 33 17 41 95 7 5 59 57 65 55 66 75 32 90 51 123 114 37 97 95 59 53 46 35 10 106 33 51 22 75 93 85 12 29 78 50 75 122 76 121 47 26 13 7 37 100 15 64 2 101 62 49 95
74 48 53 83 3 77 64 108 134 20 53 28 123 6 49 30 93 113 60 34 111 52 146 19 81 17 35 31 120 131 23 21 14 75 55 75 81 33 3 61 52 49 105 93 89 46 112 2 105 79 130 103 90 27 136 18 145 43 24 16 140 105 47 100 4 110 21 1 6 92 141 83 130 39 8 126
78 66 112 108 36 66 101 145 38 15 63 145 132 136 134 100 12 16 60 32 128 142 69 4 120 108 73 3 128 29 21 32 38 98 128 128 45 6 20 82 75 117 154 2 16 85 152 60 0 115 140 105 139 136 77 132 114 89 142 136 101 136 34 139 9 128 61 141 119 141 69 70 75 155 65 83 114 40 36 115
82 33 122 43 34 92 163 145 42 93 158 159 115 61 159 70 153 22 150 129 157 125 43 134 137 60 94 156 101 13 76 62 126 10 143 80 94 22 25 80 138 23 88 156 133 129 137 30 129 9 70 34 16 53 7 147 57 119 91 134 77 122 120 14 24 120 39 157 84 106 73 1 145 162 27 158 53 34 8 107 137 51 23 114
86 79 17 165 5 106 60 56 4 110 11 137 157 103 95 19 100 75 169 8 133 71 20 45 29 72 152 68 64 120 36 30 141 78 119 13 41 165 1 2 19 131 134 19 140 99 146 0 92 14 65 121 142 83 166 149 150 102 111 159 74 151 108 71 67 144 122 79 141 106 15 102 150 94 77 121 88 60 89 119 100 151 168 88 70 129 161 47
90 58 166 92 62 150 98 143 37 0 84 0 100 118 36 97 133 128 176 32 57 110 171 83 32 179 108 107 103 38 31 17 40 51 76 22 3 71 54 18 69 132 83 111 35 160 117 4 142 7 16 70 139 94 17 142 166 155 140 170 139 8 124 72 121 174 81 155 156 117 75 55 86 85 140 142 116 106 75 4 135 39 135 97 37 89 50 81 110 142 47 143
98 89 11 164 16 98 143 104 18 96 193 38 63 2 176 112 172 151 116 123 127 188 33 98 91 165 115 52 63 110 40 39 156 136 146 59 7 4 110 37 98 37 122 93 44 93 5 78 135 80 26 44 93 120 60 120 176 17 180 63 43 7 152 192 93 159 121 9 50 105 3 167 150 51 194 103 73 45 103 187 23 51 182 120 107 97 37 69 84 36 148 84 13 90 80 102 71 66 87 136
106 60 175 89 154 59 71 130 77 11 165 172 36 61 210 144 207 178 191 192 179 147 34 21 98 167 13 39 0 167 95 8 3 197 15 105 40 121 194 168 188 58 170 75 149 90 72 115 42 210 135 54 110 91 148 26 66 164 154 22 86 167 94 97 138 169 205 96 65 159 119 49 160 74 206 142 186 131 3 111 87 159 34 155 163 204 94 176 91 147 51 94 154 76 142 115 88 194 60 184 80 14 111 47 160 53 21 101
110 49 81 104 42 53 133 2 1 25 25 9 142 180 183 76 150 159 29 144 85 119 143 72 146 120 149 124 66 71 196 5 167 175 163 103 166 151 53 216 43 72 209 46 17 88 124 199 194 172 12 180 1 207 146 71 72 163 31 209 39 132 167 158 204 142 169 83 78 18 213 169 162 185 9 125 46 103 138 108 45 71 79 30 115 212 50 94 154 143 145 190 194 43 41 121 149 166 124 109 87 68 49 174 188 41 169 162 11 80 79 29
110 3 162 177 109 130 6 58 38 185 202 24 172 122 90 134 185 191 141 128 162 209 13 22 201 82 183 56 88 126 21 208 132 118 170 116 27 69 157 173 122 212 219 141 139 169 194 137 192 32 167 194 23 141 122 105 145 89 94 5 152 115 128 83 74 3 163 69 164 32 143 203 114 165 57 88 153 24 66 25 111 66 67 132 87 9 124 75 23 173 68 44 191 57 212 32 77 57 77 175 212 74 35 111 64 193 72 114 144 17 201 200
114 7 66 111 45 32 210 212 81 0 60 176 103 163 45 147 43 30 37 127 182 200 139 90 108 74 105 84 34 132 171 29 124 94 76 213 47 192 54 35 156 19 1 144 122 81 98 97 104 55 158 31 153 145 50 155 115 226 156 119 173 169 180 113 181 166 145 116 82 100 126 208 1 36 105 149 226 150 82 61 135 56 179 181 96 164 179 166 46 217 67 189 163 120 188 121 3 151 137 87 42 63 171 181 113 20 179 49 30 99 97 57 111 64 121 14
118 61 146 125 222 184 222 176 164 57 77 64 66 137 121 153 161 212 212 65 97 122 143 108 146 221 225 173 171 177 212 230 84 38 66 207 161 59 5 14 73 24 177 44 83 224 26 231 8 149 232 69 52 4 23 91 61 28 2 213 27 70 159 189 18 181 75 193 98 49 21 115 101 207 163 124 63 78 181 208 92 28 54 152 40 202 102 68 186 61 20 137 217 78 173 169 176 140 83 35 86 111 193 17 29 111 157 145 134 135 86 139 9 112 108 203 79 77 45 120
122 115 173 173 76 93 157 93 101 72 10 222 232 134 115 209 151 71 220 128 120 120 43 97 128 93 227 36 162 125 26 233 8 113 173 103 239 47 155 197 196 185 153 159 139 37 131 98 203 228 108 51 60 166 22 194 216 159 127 120 204 83 209 4 24 196 4 195 209 210 13 105 147 192 167 4 43 235 21 218 211 43 64 192 231 221 31 18 145 161 236 144 130 242 206 172 162 83 76 63 218 8 145 194 221 24 110 36 87 133 69 200 200 72 225 42 204 60 155 180 143 51 138 176
130 116 43 181 128 112 234 87 252 59 184 205 220 40 129 5 177 84 257 254 118 15 1 172 157 10 192 123 226 166 147 9 200 207 155 165 128 11 188 11 153 227 13 141 219 48 33 243 153 3 96 104 151 14 197 158 39 151 218 36 157 191 242 163 141 63 149 244 87 232 159 135 116 88 215 59 33 132 165 158 177 163 43 248 42 231 14 95 169 120 13 159 9 89 137 45 149 47 220 194 121 221 13 58 202 183 113 4 91 205 43 80 233 256 143 145 155 238 29 158 8 164 16 72 37 158 123 159 86 147 248 18
130 40 18 64 153 50 232 245 139 191 216 62 196 79 158 54 197 157 25 64 101 38 227 171 69 205 117 107 1 48 102 76 215 177 149 82 170 147 57 26 134 12 212 123 172 234 33 186 216 57 161 87 243 90 12 59 90 197 204 96 152 127 27 233 48 245 216 245 210 130 221 253 44 247 16 181 252 213 49 217 125 257 108 129 84 222 172 46 87 28 128 67 111 167 99 114 52 148 55 119 217 255 3 138 71 186 187 33 214 115 245 210 93 56 1 0 140 194 187 229 249 7 85 234 204 14 231 5 96 139 11 136
134 125 206 184 51 34 12 53 218 180 49 13 148 206 213 148 211 203 221 121 156 95 265 22 195 218 106 194 48 76 57 195 76 153 130 167 226 16 101 251 145 202 16 64 66 256 106 83 193 232 54 11 165 19 228 155 171 35 188 150 118 187 187 193 101 236 31 130 141 207 156 64 267 209 243 142 121 78 115 196 31 39 38 194 184 221 46 90 109 114 153 203 135 151 264 27 236 176 132 230 207 116 257 136 123 82 92 207 33 215 24 45 233 155 129 221 17 96 190 9 227 182 175 215 184 51 266 55 14 232 256 59 30 66 119 170
142 121 134 178 268 228 113 56 158 0 107 37 149 218 184 10 141 270 282 241 219 26 139 268 82 150 109 221 260 141 245 157 9 167 1 49 4 54 169 23 201 91 42 227 210 186 49 239 101 136 68 8 10 57 166 86 149 66 69 265 190 121 54 71 182 104 196 266 31 31 132 238 59 58 260 146 130 89 190 68 64 31 73 83 171 112 19 138 233 21 187 165 259 3 282 11 205 8 260 147 192 100 5 222 53 193 120 164 171 52 162 221 17 146 242 177 155 120 2 15 261 7 161 42 153 139 241 186 34 69 272 252 71 19 80 142 216 283 40 180 247 253 240 58
150 106 82 206 140 277 215 159 14 81 117 135 53 299 15 155 95 68 187 293 25 65 277 136 118 37 292 128 103 172 199 38 190 126 63 94 164 112 154 76 37 170 242 169 208 227 279 51 161 89 4 43 182 258 159 35 101 121 214 256 44 255 258 103 242 269 14 166 242 209 243 236 216 91 25 196 268 209 90 178 31 187 207 259 197 277 222 203 190 186 14 193 268 101 90 50 292 35 245 11 99 244 101 229 116 251 271 199 118 171 107 188 14 172 128 257 115 217 254 289 157 212 114 184 138 246 63 149 236 253 90 197 34 135 127 46 256 222 191 144 285 238 46 5 20 297 112 174 81 286 162 258
150 70 18 1 182 157 2 187 263 135 84 199 217 59 283 213 244 180 243 200 297 246 22 46 23 171 63 83 25 81 133 118 20 282 70 133 23 102 177 186 268 11 95 61 244 278 187 295 260 249 250 272 263 32 129 43 220 73 6 252 272 282 165 144 108 48 15 99 193 197 259 262 24 10 141 70 147 260 100 162 182 185 223 223 31 13 130 140 101 190 166 156 213 259 108 1 92 258 141 117 125 267 135 274 127 215 256 5 142 280 171 129 71 50 293 193 48 245 228 61 138 265 174 217 0 292 94 207 51 284 149 42 237 262 102 104 210 234 218 150 8 186 33 229 190 33 250 70 96 79 0 251
150 107 108 116 244 299 46 244 187 263 283 0 165 12 33 176 228 91 164 96 280 159 150 139 133 230 276 159 254 250 75 293 90 86 154 102 80 143 184 209 124 27 279 132 121 282 281 277 218 178 127 183 286 35 176 113 205 121 262 74 106 267 202 259 260 141 233 247 262 66 269 252 118 23 262 147 34 10 213 121 100 294 6 164 201 42 55 159 285 173 71 108 67 43 205 212 287 287 97 211 231 192 295 49 3 222 70 8 268 238 141 146 105 211 142 232 138 41 224 190 108 87 292 287 69 145 241 142 69 3 55 145 265 29 214 207 82 270 189 258 54 233 201 145 52 193 211 13 230 148 62 64
154 108 183 258 220 253 77 96 74 19 147 94 71 102 273 159 31 28 190 290 212 222 151 132 252 123 138 293 97 214 293 151 112 186 98 78 121 31 152 139 31 195 289 257 242 128 180 149 277 61 223 122 278 156 228 79 5 296 120 42 159 85 58 95 7 139 241 242 251 100 201 6 31 35 211 139 193 277 163 18 77 244 196 260 285 185 63 126 173 111 119 79 48 258 6 10 52 283 6 265 293 37 221 183 194 292 109 141 77 164 120 197 156 145 41 96 57 65 191 266 75 247 267 257 296 95 13 71 107 16 36 34 163 147 85 88 197 131 179 108 249 189 67 61 33 161 230 281 234 273 103 306 105 257 77 91
154 53 50 159 6 81 228 170 55 201 164 141 199 67 118 227 24 144 169 7 81 240 192 24 265 37 216 240 73 238 174 230 268 241 298 305 14 221 235 291 238 59 252 114 267 28 3 32 263 28 301 114 216 13 220 119 41 89 275 282 159 199 149 250 187 262 81 196 259 187 64 217 296 97 131 141 72 40 156 231 152 172 165 228 171 233 78 289 256 247 275 18 175 130 134 254 259 146 25 237 28 254 297 160 74 86 187 286 282 170 142 190 129 121 271 241 26 127 288 85 56 283 145 235 257 183 286 82 254 283 307 118 147 35 258 84 92 235 201 203 182 104 239 45 136 288 82 51 39 26 125 30 178 91 181 81
158 86 295 246 102 146 60 61 31 244 203 174 114 178 183 187 184 173 309 6 302 311 234 78 133 95 259 112 149 63 66 147 54 172 265 52 127 72 11 95 187 184 126 27 120 299 259 184 106 95 47 94 135 223 57 78 231 13 204 65 104 118 109 169 181 72 208 86 73 48 0 282 94 93 27 234 62 64 9 160 99 61 175 183 56 309 104 88 225 120 199 103 109 94 20 95 82 287 276 266 276 302 247 190 162 305 93 66 280 281 150 144 230 274 213 311 266 300 87 247 36 190 65 220 92 165 90 293 256 34 199 120 160 171 195 167 253 226 305 189 207 120 276 72 46 124 137 94 212 304 284 134 196 261 36 39 201 25 308 166
158 37 229 18 55 53 117 277 151 216 108 79 110 159 252 15 269 238 251 88 202 53 47 282 291 304 35 242 66 214 101 111 63 123 238 179 6 21 82 36 48 126 21 229 149 160 213 114 169 238 84 170 172 192 213 85 214 187 214 75 184 280 101 63 63 68 203 239 272 132 57 93 243 110 93 169 247 12 19 20 29 233 51 168 234 163 293 167 152 129 48 88 217 2 221 185 119 44 221 69 134 139 201 70 36 8 108 95 50 147 122 23 220 136 270 27 35 58 234 209 22 212 12 186 23 85 93 108 111 257 274 181 315 159 136 140 50 112 266 309 275 136 309 240 7 250 158 120 67 197 201 116 201 71 187 298 91 13 236 283
162 144 111 60 40 253 279 94 174 39 99 63 114 188 1 34 155 210 99 223 274 90 68 169 78 82 67 160 171 227 139 9 312 312 209 280 150 180 294 127 221 57 202 280 52 238 197 107 255 230 299 61 163 25 179 315 171 112 110 66 202 25 37 105 301 208 249 90 50 128 262 75 165 157 189 183 118 220 91 99 260 97 68 153 284 247 86 146 152 261 316 207 306 43 111 39 182 81 123 301 232 205 228 309 106 122 75 79 85 295 196 38 43 125 247 115 49 209 55 271 158 249 304 5 322 7 27 137 150 175 265 277 270 240 290 235 141 105 16 20 237 57 161 218 319 300 91 87 53 312 302 310 156 310 257 286 137 178 285 66 0 147 217 286
170 130 240 84 167 56 282 103 185 187 76 245 158 119 145 170 90 314 153 159 325 118 205 9 176 150 56 115 202 99 306 88 68 32 263 58 314 274 93 263 100 339 259 82 270 111 77 225 304 134 314 216 78 114 54 244 162 31 207 204 13 163 11 71 30 196 187 109 134 256 77 91 298 168 145 93 60 327 192 215 201 283 140 175 91 202 237 284 137 102 290 5 42 110 72 117 207 317 56 300 238 205 57 150 90 261 331 332 237 45 8 241 123 172 298 62 140 167 39 21 293 267 99 92 314 210 167 200 286 62 66 206 252 254 260 195 0 242 77 177 194 209 65 15 291 199 217 51 123 87 65 199 52 168 42 195 260 255 130 152 18 313 264 3 64 306 71 99 215 136 44 206
170 64 61 175 240 61 96 317 217 155 40 334 137 313 188 24 172 117 145 149 14 150 193 281 316 172 289 94 126 213 270 134 231 47 181 301 317 220 67 221 260 200 190 28 86 110 289 128 114 19 137 256 95 143 196 294 214 123 294 210 33 188 2 138 67 3 257 35 238 54 176 76 277 203 24 202 246 70 186 157 92 163 167 91 147 288 298 60 339 295 9 43 65 83 134 203 98 4 128 20 267 270 310 50 188 236 247 192 330 171 38 137 150 249 112 69 304 264 173 273 234 215 16 36 168 33 205 133 190 73 246 147 286 260 258 85 129 196 284 89 41 125 58 159 190 55 58 336 124 96 128 111 251 254 131 135 302 83 226 288 304 224 194 158 202 9 178 254 241 197 207 186
182 67 273 123 17 113 133 141 222 335 133 83 181 297 65 276 53 5 12 255 292 219 355 137 116 156 14 189 9 344 229 26 349 153 245 205 61 139 255 129 70 254 216 239 180 213 187 49 41 44 242 9 343 182 196 73 114 350 212 0 1 71 114 67 205 195 34 49 275 167 91 338 88 269 92 267 92 183 158 39 4 343 228 144 230 63 307 142 346 230 7 133 213 26 261 268 264 247 120 192 347 6 259 15 78 306 139 182 233 340 180 213 351 85 251 45 105 71 330 313 284 59 195 40 314 212 324 7 71 270 325 207 112 233 77 274 14 279 324 220 36 245 61 329 49 85 185 119 281 79 96 206 221 338 278 286 12 270 0 272 102 243 190 121 232 329 134 76 174 14 283 240 248 318 325 287 328 115 333 230 349 185 91 154
182 151 125 227 171 52 254 323 113 21 56 66 301 122 101 335 205 250 127 255 260 195 276 108 310 153 5 13 342 219 183 282 311 323 63 29 91 164 350 163 215 41 81 158 335 276 350 344 331 120 186 186 323 160 115 269 281 132 336 34 127 339 244 315 182 221 70 108 331 352 74 234 124 240 112 66 20 298 299 259 354 216 94 233 57 214 79 245 337 354 211 22 170 17 242 255 148 97 196 11 197 210 128 296 9 213 2 164 9 313 211 172 146 85 46 190 222 152 17 102 327 20 340 248 110 151 35 13 293 113 222 292 29 37 231 305 110 247 164 207 197 276 224 154 139 133 219 278 296 351 109 63 303 363 312 314 88 24 312 21 67 223 50 48 43 103 159 262 344 80 329 188 12 196 141 299 258 12 52 239 8 319 214 96
182 86 47 336 161 30 107 328 159 7 261 26 219 153 279 52 13 238 243 212 184 105 209 168 297 143 44 301 174 130 79 40 101 35 56 171 275 330 64 214 85 67 176 97 269 53 116 4 63 49 173 275 229 61 202 40 336 226 281 219 157 152 278 300 239 36 88 281 247 259 182 80 11 124 30 292 260 346 354 312 258 74 185 99 318 240 28 270 135 328 193 28 104 39 342 244 67 91 86 332 262 186 97 19 356 246 248 188 292 242 316 90 84 128 198 23 23 356 95 137 4 222 352 342 343 363 263 261 354 31 124 1 30 168 101 236 22 20 200 255 69 301 35 55 84 319 47 54 221 298 88 157 251 161 103 80 310 274 114 138 232 181 242 96 127 139 202 36 227 235 262 254 171 49 337 275 87 137 256 130 253 158 339 167
186 9 41 368 303 237 329 218 332 131 12 77 120 356 323 123 69 29 276 249 328 350 309 328 181 221 222 228 190 153 211 210 3 279 230 63 248 48 265 361 117 281 223 298 134 78 333 275 344 358 71 359 263 125 336 109 369 371 87 70 329 58 121 56 104 149 0 27 249 112 287 324 78 157 239 120 225 88 291 212 213 38 181 154 313 210 137 69 260 349 115 341 227 30 304 102 86 66 216 26 312 147 338 325 177 240 39 32 250 184 92 167 211 177 267 100 7 5 241 249 118 371 302 298 317 1 275 258 5 243 15 134 9 89 102 362 24 360 98 284 56 362 324 137 308 48 196 191 20 105 310 311 299 169 336 337 151 41 23 348 126 362 213 80 92 270 231 134 207 366 49 241 132 345 251 364 339 280 283 296 82 171 30 355 221 64 160 67
202 71 148 305 109 218 335 290 235 91 77 268 209 332 319 303 339 53 200 4 382 168 362 71 15 265 142 392 163 65 149 20 365 21 129 40 75 383 297 381 393 53 75 227 161 216 133 230 376 98 305 212 260 83 162 113 6 270 26 240 155 157 262 21 134 260 279 366 268 394 255 289 315 87 304 91 265 317 88 84 153 240 184 23 296 249 321 215 148 136 357 95 139 127 63 158 233 305 210 272 73 27 260 83 87 239 388 259 401 9 156 257 1 258 386 55 74 343 56 358 143 360 123 292 7 32 170 278 189 249 249 62 342 174 365 386 296 270 169 255 196 246 325 131 248 294 207 40 112 322 5 250 373 130 71 50 69 304 371 309 266 135 218 129 73 172 213 254 301 349 264 82 195 132 103 289 235 343 27 82 350 274 243 254 175 242 379 267 60 126 113 103 99 348 71 35 34 342 155 306 381 63 324 229
210 63 251 183 332 159 200 158 362 385 162 121 181 134 140 85 416 192 265 130 230 409 290 254 190 274 112 80 234 332 243 214 12 273 259 270 53 165 418 294 244 41 307 209 411 82 195 310 344 39 409 108 321 5 322 292 45 352 158 233 341 80 288 74 264 127 50 362 339 238 282 192 386 287 220 93 286 67 244 136 298 129 332 364 102 232 144 155 368 403 180 291 7 27 404 87 267 337 274 61 154 93 165 228 212 191 241 418 28 28 318 320 365 42 337 137 214 288 366 396 58 141 78 181 404 7 40 196 366 8 328 67 376 23 65 99 30 274 317 316 10 79 408 112 225 250 298 282 211 172 209 347 29 262 354 56 97 177 53 136 99 31 98 234 352 221 135 219 416 168 376 299 315 411 202 50 173 83 22 302 364 59 317 66 396 22 414 106 14 148 201 397 196 3 18 343 149 352 302 165 249 211 390 382 197 59 307 347 18 45 69 72
210 188 82 69 338 61 76 355 115 351 368 243 19 309 164 37 213 244 30 107 360 292 410 179 391 341 151 55 230 222 129 142 277 134 338 1 245 217 293 276 250 266 18 213 111 388 310 366 411 261 28 57 413 300 268 14 194 158 315 392 16 25 255 64 232 107 321 272 280 361 60 185 136 341 162 187 176 278 37 271 42 331 265 134 150 150 25 63 328 198 338 365 138 10 23 156 300 351 154 111 127 333 298 121 183 311 339 134 344 378 343 122 150 228 216 214 299 169 187 277 226 130 51 38 80 290 392 210 7 344 79 324 195 21 103 315 32 95 404 5 190 360 47 243 264 320 165 247 204 379 413 8 209 70 414 399 347 78 222 310 77 204 407 73 308 271 291 332 195 217 27 271 364 384 186 22 64 244 49 390 155 11 302 53 85 191 336 201 181 214 325 94 378 38 5 86 210 85 67 156 209 200 220 147 270 182 2 153 122 306 325 129
218 59 338 353 25 79 336 399 125 100 349 214 303 115 135 220 153 425 282 212 195 262 363 133 91 333 78 258 433 16 324 292 297 155 255 295 432 390 271 148 258 420 101 12 346 319 300 204 327 192 382 299 137 15 259 327 302 76 181 92 17 165 410 330 26 15 227 54 215 359 150 243 9 332 216 101 175 435 282 223 63 332 267 399 256 280 352 368 18 8 8 103 423 38 14 189 225 23 382 138 129 151 407 349 153 73 331 363 112 168 390 390 351 2 390 145 184 324 355 383 36 279 270 65 60 417 10 165 97 316 326 212 96 302 366 34 175 373 102 50 132 390 83 331 174 325 192 107 19 430 398 277 243 33 331 213 300 340 119 25 325 203 114 345 413 265 427 360 406 280 182 11 172 312 309 346 262 31 6 426 221 190 172 34 241 97 209 339 333 338 318 102 300 207 252 355 12 47 173 73 138 366 320 116 137 36 222 8 180 301 213 346 25 189 63 193 178 53 271 391
218 15 208 217 388 76 345 39 242 351 382 361 281 367 97 186 223 302 397 133 107 405 81 408 53 179 195 393 49 417 319 302 229 31 160 198 258 153 4 170 353 211 65 427 140 391 400 409 225 199 50 347 68 180 316 71 186 349 21 427 425 369 201 294 399 14 347 145 284 432 426 46 287 68 306 120 288 271 435 230 305 371 97 422 152 382 419 164 116 39 250 313 301 193 201 174 268 253 21 277 222 362 133 172 250 369 136 191 409 15 95 339 85 97 170 84 371 241 191 117 377 45 219 92 276 290 72 354 54 133 362 217 94 321 273 31 172 53 242 131 268 139 55 97 114 99 18 311 139 422 422 414 148 204 338 323 403 231 237 72 167 370 224 370 354 319 120 98 15 274 420 301 101 420 385 245 157 114 395 34 233 406 268 198 55 391 85 210 252 316 63 29 265 164 76 87 38 127 328 167 400 151 263 318 347 241 431 223 274 166 65 222 51 218 324 412 186 262 267 35
218 2 150 311 251 235 112 346 221 69 157 261 235 241 63 356 68 29 168 310 431 351 202 174 361 179 435 42 245 334 68 106 34 369 158 379 16 374 109 1 416 230 273 43 259 320 306 197 361 29 314 178 244 172 248 349 113 353 272 72 258 235 372 145 265 226 87 169 28 31 209 44 289 368 221 96 33 14 123 214 422 109 209 152 394 372 283 122 351 119 395 96 218 47 39 114 315 313 321 27 124 139 329 293 276 182 410 147 223 122 17 253 156 313 46 105 294 229 66 293 135 419 235 30 136 157 286 208 43 200 193 185 40 12 288 272 36 381 316 86 429 124 332 123 363 328 357 236 393 130 46 48 47 277 155 361 306 291 412 258 204 397 29 405 67 248 401 164 399 170 405 44 426 98 71 214 98 385 427 234 246 297 391 206 349 407 242 323 58 79 181 27 71 250 38 322 192 329 272 260 395 361 266 422 429 3 139 175 362 211 435 313 59 347 131 412 179 313 235 374
222 218 235 4 357 333 298 76 97 28 103 427 73 60 78 286 49 234 406 174 241 18 443 426 422 203 418 323 138 10 240 371 137 93 114 116 333 200 79 179 9 387 98 404 204 348 135 59 315 329 327 38 420 104 76 199 207 374 312 65 128 373 201 0 334 174 185 135 238 419 422 433 119 95 50 197 240 271 322 80 93 363 95 59 297 399 373 443 105 137 232 155 149 202 366 346 385 145 184 71 141 109 360 160 100 230 24 112 315 284 195 105 193 39 162 143 72 316 129 431 109 422 221 354 417 31 94 250 90 296 336 91 154 89 420 267 421 21 183 89 123 140 4 190 93 197 420 427 101 335 78 397 423 95 285 440 5 287 399 195 243 288 124 1 78 416 22 286 140 232 85 434 153 192 37 216 411 9 429 53 232 378 69 289 105 143 263 1 25 422 78 383 379 307 436 436 320 286 165 397 300 331 26 72 22 27 43 282 12 285 259 391 302 214 338 19 431 394 334 5 273 43 342 170
226 184 439 36 49 3 10 314 211 140 172 30 307 326 2 86 405 54 372 243 431 208 14 194 413 214 338 190 241 55 426 376 408 166 439 28 316 441 241 229 243 366 108 380 157 114 276 220 269 127 359 203 264 183 118 398 448 89 396 18 206 95 445 296 176 66 299 11 428 355 133 134 329 438 1 241 71 349 259 248 259 10 160 96 254 232 130 155 186 125 423 187 127 52 169 202 158 374 136 34 28 415 132 22 209 37 293 372 142 395 283 53 204 60 161 59 319 276 381 309 308 63 246 134 341 180 397 39 105 379 211 308 330 334 91 225 44 449 206 351 255 387 277 79 399 264 99 406 285 39 439 274 447 388 167 62 379 400 300 299 312 409 111 187 127 373 107 134 348 33 294 49 358 154 118 421 322 423 192 343 280 78 335 359 163 121 375 254 180 176 272 40 16 39 178 291 67 21 111 8 28 335 349 154 35 398 394 249 41 195 228 450 321 426 227 409 315 159 181 319 427 305 268 27 315 2 390 34
226 186 11 363 276 47 322 112 407 182 106 137 264 427 381 279 135 199 137 414 199 159 276 82 366 128 383 220 218 346 219 439 299 434 348 77 344 261 240 221 98 120 96 150 291 312 192 371 294 261 239 266 398 200 16 245 250 264 200 240 320 367 383 273 249 238 125 47 114 380 148 418 123 67 347 213 226 63 58 194 139 156 61 130 47 309 63 237 25 401 95 314 84 5 253 333 122 180 332 402 164 228 432 442 93 382 432 12 386 187 147 7 380 380 288 206 109 145 298 433 280 138 127 369 25 223 218 203 194 53 83 388 170 388 403 141 186 158 115 132 246 304 447 431 352 276 445 258 42 364 268 178 52 52 215 384 365 19 62 2 52 8 196 28 440 265 269 145 415 366 95 10 36 170 60 404 276 424 269 413 309 355 66 243 414 146 243 49 123 35 197 63 220 441 183 133 168 123 21 152 117 60 104 14 114 429 231 302 231 304 112 7 148 167 353 148 203 52 316 277 362 276 208 388 349 310 28 61
230 218 230 126 291 301 231 112 322 160 404 131 37 106 142 43 425 336 247 99 260 269 342 113 374 331 107 290 457 254 292 451 364 458 155 211 260 246 98 120 34 320 299 279 259 428 141 226 124 445 69 311 318 230 21 20 402 446 421 418 369 194 445 201 429 207 184 146 356 339 361 13 20 74 220 184 123 7 85 277 280 269 72 381 245 79 249 253 201 11 374 0 131 129 419 83 143 338 141 96 358 395 402 31 168 44 287 32 263 175 133 20 230 111 457 91 169 40 146 240 196 200 58 212 261 24 107 343 393 18 377 377 346 323 9 337 2 290 235 78 254 348 98 174 245 107 410 438 287 179 84 438 226 163 136 61 261 453 272 72 375 417 438 387 10 42 140 51 453 239 376 302 53 83 249 275 42 56 296 19 144 1 85 352 99 5 301 105 444 184 394 323 451 352 432 366 412 257 446 182 257 418 271 396 172 219 216 397 122 379 372 294 39 185 207 5 162 138 52 71 198 232 359 233 46 243 342 456 313 423 156 86
234 211 360 394 12 438 109 283 27 51 264 255 268 27 420 145 301 193 254 125 467 117 410 99 36 122 173 141 176 333 418 169 445 406 317 349 226 291 109 1 409 149 438 425 366 225 95 116 134 45 9 259 365 177 153 355 193 94 463 334 197 62 157 292 385 146 161 171 314 367 330 90 49 0 81 133 229 185 284 248 330 441 339 331 229 404 385 309 215 189 282 418 435 257 210 64 210 383 207 252 67 58 96 124 14 462 127 383 354 279 200 78 200 451 121 420 437 240 409 202 424 325 357 162 449 140 178 12 361 181 304 440 273 60 33 122 364 18 234 217 141 314 103 420 79 162 435 303 305 435 332 367 242 97 420 74 25 290 246 300 52 324 236 428 117 72 9 340 462 414 238 347 124 232 288 98 424 241 373 62 339 164 303 242 4 260 341 21 71 402 212 148 356 171 64 287 142 382 161 117 49 286 390 410 293 3 414 343 314 221 169 165 5 453 278 383 396 432 163 193 413 77 306 388 231 84 70 14 217 387 39 412 371 308 156 224
246 231 297 237 443 99 15 109 301 300 212 282 83 253 349 460 90 335 329 166 289 162 283 73 455 234 321 39 178 7 115 57 250 17 147 447 177 356 49 335 14 11 232 375 346 176 250 74 175 314 54 271 50 136 180 4 288 345 52 397 88 176 247 240 249 81 105 101 472 162 362 475 6 419 77 48 487 185 459 380 188 470 46 136 125 187 421 75 99 381 397 313 27 137 165 445 102 203 181 415 57 270 212 303 446 144 140 320 406 449 104 12 321 155 59 8 92 133 146 246 284 443 478 471 380 274 211 126 270 165 390 482 270 473 440 393 309 367 54 175 257 55 108 401 5 57 444 225 56 64 241 98 272 16 435 55 34 383 300 58 96 263 385 323 296 230 289 68 85 292 300 14 408 360 300 296 179 401 1 286 213 106 442 320 358 121 183 148 153 376 111 442 19 250 467 273 412 359 283 329 333 81 110 228 121 491 366 288 276 232 436 425 75 449 236 336 481 372 175 10 287 239 206 370 64 258 108 148 316 160 299 215 77 148 442 148 34 443 239 379 485 136 176 401 390 29 376 70
246 21 162 441 467 320 271 477 362 245 109 182 303 462 221 98 324 455 301 362 222 196 432 288 397 50 185 187 66 219 173 419 64 202 18 434 447 166 328 399 63 393 223 151 389 318 309 38 298 266 129 63 28 173 131 67 397 171 455 245 368 282 141 491 315 445 93 361 482 445 460 48 403 294 219 145 204 346 328 378 471 280 432 106 27 284 271 36 164 309 382 53 450 180 265 215 480 351 490 286 213 315 125 28 394 341 136 281 155 264 44 19 27 225 132 386 88 454 302 318 354 396 278 431 307 92 123 433 354 369 463 395 443 329 279 253 188 334 275 170 170 354 212 72 85 328 37 243 191 216 283 245 173 176 430 365 422 143 323 444 142 63 445 274 203 108 109 104 348 339 142 53 402 343 77 202 137 268 113 182 187 424 406 262 101 258 1 204 425 430 211 133 105 261 331 323 364 270 242 462 106 208 167 7 23 344 316 307 82 243 451 215 294 260 456 285 437 234 470 278 155 78 290 398 60 425 278 94 52 163 390 212 87 409 139 41 30 90 14 488 23 145 376 204 346 133 396 376
246 138 220 325 288 18 173 467 455 474 99 426 472 225 115 322 179 333 420 287 195 269 157 309 352 310 298 13 402 489 437 32 308 7 317 344 220 142 88 243 125 286 338 314 409 35 147 177 232 82 2 202 348 259 377 39 459 430 186 460 51 406 27 360 391 100 240 305 81 487 299 140 279 166 210 249 491 267 180 198 285 239 274 429 248 105 345 403 405 165 422 16 102 61 267 201 140 463 388 263 361 448 173 286 50 377 420 179 433 403 239 296 379 230 177 308 352 351 448 393 107 281 377 174 378 104 309 154 30 35 106 462 357 152 262 105 184 255 127 417 284 309 265 159 168 449 293 260 250 249 417 8 178 3 378 259 417 178 291 7 125 418 486 29 27 431 115 151 106 283 241 399 124 130 307 208 53 388 206 167 145 87 269 472 94 77 293 270 376 374 435 258 106 30 40 40 450 186 382 112 138 432 93 114 188 75 196 108 214 402 312 193 123 192 234 85 383 224 413 137 260 421 107 351 70 373 240 457 470 104 2 61 179 341 484 170 381 380 284 278 186 289 485 408 292 474 317 463
250 46 297 322 355 468 246 479 385 66 102 254 377 207 234 221 489 260 233 408 476 223 133 3 291 99 170 439 67 260 361 371 324 371 205 280 70 225 296 141 384 132 416 169 263 295 306 127 284 427 292 266 419 427 26 455 448 189 233 334 345 372 363 340 404 5 9 489 370 414 363 489 72 267 414 483 11 218 34 312 117 195 342 471 97 322 231 304 58 298 349 470 117 481 429 222 198 369 11 365 137 284 59 248 7 99 191 225 365 435 21 101 278 462 27 467 239 461 427 180 145 112 6 44 159 448 39 47 111 12 413 212 211 308 455 431 252 385 193 265 307 396 146 210 278 344 42 421 271 233 344 310 88 328 226 43 164 11 186 241 7 378 152 349 159 482 201 150 255 453 51 169 232 59 453 153 322 318 51 179 252 141 73 195 445 250 273 399 58 402 265 472 359 144 176 167 491 284 41 478 195 408 78 318 49 328 271 440 6 12 44 81 400 296 486 192 86 412 57 281 7 188 95 423 330 439 313 362 371 51 65 438 58 241 341 58 447 152 473 399 166 86 418 101 311 312 90 180 274 82 452 101
254 207 87 258 108 45 366 114 32 454 486 61 332 433 49 293 231 124 433 163 205 23 104 0 355 443 423 99 12 122 131 312 334 96 446 101 369 148 55 209 275 458 15 18 139 275 21 352 140 116 85 90 72 462 322 45 354 133 307 176 55 136 21 110 390 411 425 141 73 448 504 474 126 401 89 453 457 109 264 280 505 380 474 324 80 213 186 460 131 298 408 133 264 3 126 117 430 323 272 336 31 94 295 204 210 433 289 435 263 108 129 42 142 479 461 282 211 59 44 201 109 29 168 96 68 272 261 97 76 475 425 473 456 380 270 93 282 425 118 499 458 397 30 245 471 363 428 262 495 458 433 195 262 18 499 494 171 126 335 362 232 90 135 328 221 314 246 294 138 476 118 12 65 404 306 478 450 391 377 462 256 108 342 367 224 169 62 149 102 390 208 235 505 20 90 219 79 442 372 441 29 19 365 442 2 161 238 365 429 458 231 161 383 377 394 278 432 220 318 285 168 320 404 297 485 53 3 248 232 467 47 13 505 21 118 272 33 26 384 102 417 169 152 128 370 26 296 38 194 441 129 314 502 241 335 56
254 47 233 325 207 437 343 223 110 182 64 3 98 503 260 100 360 352 479 169 446 293 125 471 408 317 132 122 179 475 66 410 220 442 96 302 215 472 495 164 172 193 266 349 59 337 36 286 36 432 80 497 228 485 86 428 309 164 468 135 461 407 444 164 431 440 183 444 452 46 269 354 504 246 66 275 435 273 314 390 232 87 284 64 145 228 125 218 38 137 329 271 425 463 427 504 215 154 447 127 238 300 130 228 479 278 367 247 109 465 52 172 111 483 270 370 342 248 353 309 357 51 150 495 85 233 321 377 263 56 83 177 261 228 12 439 294 466 431 235 303 502 137 43 245 302 379 421 189 234 143 469 298 284 148 110 206 84 359 450 122 68 340 203 305 33 195 299 128 400 118 501 116 179 106 2 102 259 402 289 178 278 97 432 58 467 311 401 287 123 69 393 436 390 123 41 276 128 22 219 264 259 273 2 130 373 406 458 338 480 252 478 405 344 454 441 70 190 60 162 376 291 223 346 238 41 406 459 329 334 209 34 476 13 437 205 174 74 460 7 429 27 145 417 9 205 102 164 353 132 330 145 285 66 106 297
258 243 103 216 435 68 323 144 477 394 485 84 195 218 329 469 108 337 459 165 96 163 385 191 445 84 365 502 5 477 53 194 259 416 83 185 196 5 514 123 141 231 359 49 93 493 146 11 41 514 514 312 19 131 352 271 484 274 268 253 214 22 242 492 413 448 94 179 460 64 217 488 227 322 387 21 481 470 229 380 160 128 10 442 503 395 140 142 104 347 11 313 38 208 192 484 318 483 446 468 376 294 380 335 250 508 400 143 187 50 86 513 111 497 414 503 294 496 30 421 81 13 439 93 470 364 455 119 13 243 259 159 481 128 151 392 130 103 456 51 430 285 425 114 406 437 55 112 453 372 123 35 122 215 260 20 445 493 220 61 22 457 379 509 15 98 442 386 176 307 95 223 364 65 279 251 273 0 175 388 345 233 166 142 284 452 479 26 291 443 226 110 500 153 424 15 34 188 493 376 242 386 358 98 143 248 70 69 370 307 300 381 193 508 446 110 265 383 439 81 64 270 201 406 356 260 29 332 276 484 475 387 6 62 66 410 114 14 95 155 343 417 82 72 512 42 255 234 425 137 467 142 151 137 126 483 153 76 107 485
258 185 344 83 121 77 449 261 166 35 237 432 27 348 318 403 365 326 370 387 204 41 67 483 180 161 102 74 306 315 283 231 455 156 126 210 447 188 312 452 95 264 217 190 483 229 427 391 332 188 94 258 390 100 362 324 480 163 454 273 33 182 221 38 122 7 5 150 384 173 74 3 464 339 315 471 262 43 118 427 209 190 328 255 279 316 230 222 473 383 512 28 386 155 309 40 246 370 152 225 332 36 16 382 427 17 165 498 194 30 298 413 156 73 381 390 156 435 211 505 71 173 258 380 13 375 237 362 256 9 118 163 453 33 388 239 391 199 21 275 340 456 143 73 309 50 422 44 494 418 426 37 414 373 384 212 466 127 6 62 366 237 69 173 152 95 110 365 275 318 387 50 184 150 403 457 225 68 415 166 380 42 147 302 462 497 168 462 503 404 186 60 125 56 437 329 258 73 224 472 291 42 76 477 276 267 27 57 329 385 346 495 476 439 249 449 35 26 188 510 140 53 219 27 258 149 326 27 163 151 95 428 394 199 409 277 190 486 11 112 446 204 312 419 87 97 261 395 419 192 346 442 509 373 180 440 195 484 276 471
270 134 406 303 367 291 370 99 60 223 522 500 153 167 467 478 117 82 295 241 148 468 189 155 371 285 481 4 496 293 94 272 337 54 172 71 228 8 331 524 217 508 397 298 390 59 284 188 251 110 303 53 186 238 177 465 159 7 283 453 436 364 256 54 212 469 418 333 375 463 436 306 421 447 2 431 492 87 111 246 132 194 240 519 526 20 327 254 57 413 529 225 355 310 421 63 192 108 193 49 157 209 54 484 235 420 327 35 117 284 480 172 238 384 175 145 13 221 410 219 392 86 54 52 69 428 127 263 44 243 385 145 424 236 4 11 475 171 96 527 465 105 121 139 193 16 23 48 54 347 366 346 64 347 407 311 421 169 176 46 361 122 323 332 436 332 43 492 232 463 149 336 522 357 154 143 243 357 256 365 302 59 100 105 373 372 323 479 443 276 539 45 422 517 84 113 320 493 259 93 312 451 161 64 157 9 387 58 54 78 507 101 177 275 148 183 505 470 477 204 504 12 179 162 338 529 74 385 504 399 82 25 237 292 167 205 527 301 108 102 505 211 184 97 249 176 33 214 94 183 384 362 438 474 437 22 93 184 171 117 204 208 301 515 1 291 410 24 104 79 323 250
274 266 333 54 505 3 47 396 533 147 260 79 284 335 509 159 501 517 293 286 500 380 545 234 482 268 118 369 459 475 170 9 204 173 252 364 111 301 59 131 132 157 473 202 100 57 23 54 15 130 396 50 346 42 227 5 290 14 540 499 331 376 456 159 203 195 123 116 349 251 503 167 227 498 527 274 54 322 227 392 195 503 331 209 494 224 294 412 210 333 421 19 89 187 38 259 244 104 355 288 59 54 195 112 285 345 294 113 155 525 380 495 384 443 377 79 437 365 374 271 475 395 142 428 337 392 323 222 494 416 472 339 495 374 506 428 300 295 487 341 493 328 518 102 202 29 123 378 437 13 35 87 151 328 186 169 20 514 317 32 539 20 261 446 83 400 221 34 284 225 325 75 396 51 131 256 512 365 335 490 21 544 327 462 287 387 432 359 506 4 174 30 111 33 136 18 319 162 315 77 459 91 28 235 60 179 501 58 174 485 74 285 347 377 157 61 490 516 360 415 449 97 200 88 344 523 349 167 433 395 52 311 334 206 206 249 185 225 223 436 512 462 369 490 326 246 444 238 336 96 92 268 301 213 271 254 334 315 43 530 134 404 164 151 517 218 526 142 128 90 332 131 337 273 52 15
274 139 534 115 409 205 194 299 113 134 66 312 318 438 249 68 452 480 184 194 505 191 369 267 186 73 78 499 500 184 11 437 397 262 48 325 52 197 139 316 296 132 262 50 238 148 193 205 484 130 313 415 172 111 320 233 141 97 167 170 391 410 464 238 342 39 297 380 147 135 381 355 250 68 108 170 372 347 525 110 152 293 364 497 336 391 216 526 91 90 52 322 519 57 14 472 509 149 84 39 235 22 12 283 135 388 261 388 188 132 389 223 346 62 54 457 203 292 186 381 35 22 196 24 139 439 141 71 496 314 251 516 89 39 424 269 253 90 82 431 305 287 106 303 77 63 63 218 86 22 469 467 38 451 393 475 217 547 129 545 527 437 152 313 437 126 436 56 227 507 301 444 402 210 193 60 240 289 152 358 315 145 378 254 181 79 273 404 297 499 169 476 362 496 136 465 362 299 198 517 93 69 75 52 282 42 96 439 270 136 529 173 491 153 3 135 484 26 237 512 214 36 8 531 105 174 339 309 325 6 22 142 288 23 90 34 498 219 280 32 472 83 433 426 395 113 392 323 135 83 376 39 443 347 293 492 429 23 427 418 310 282 216 2 112 150 386 232 10 19 444 306 196 219 112 270
278 3 475 542 365 80 388 290 119 318 394 547 432 427 467 404 324 218 383 491 155 370 260 392 77 92 156 423 382 15 159 259 156 301 460 424 445 331 308 322 136 376 359 260 16 510 420 363 543 18 432 545 434 305 241 392 31 188 507 321 470 501 103 524 101 543 203 204 482 552 450 53 258 492 438 137 97 297 359 367 29 271 298 543 364 5 250 512 405 457 327 199 436 533 201 9 91 88 466 49 510 484 322 165 478 27 139 12 477 503 147 306 469 226 208 142 554 275 208 280 166 529 400 154 246 119 280 134 265 233 276 69 106 200 296 284 335 207 254 548 529 454 92 218 529 96 338 282 242 100 281 42 303 247 512 178 135 290 441 420 271 495 417 149 332 61 378 208 378 490 231 382 368 462 22 364 143 357 402 256 36 536 3 543 385 499 106 183 174 297 489 496 58 323 464 2 41 3 369 128 303 341 200 413 144 365 168 146 291 463 448 179 494 2 306 363 259 537 122 44 17 260 542 320 271 68 141 198 324 167 130 262 505 329 28 361 447 197 317 423 435 287 530 410 530 208 361 354 397 497 61 332 527 516 198 479 280 24 11 167 299 247 304 498 550 88 476 132 346 186 337 116 197 118 495 377 64 452 554 178
278 142 507 143 390 548 164 364 145 389 505 39 319 480 420 107 246 402 73 29 68 154 441 229 472 418 165 203 128 421 422 85 212 28 28 171 313 554 84 64 73 51 92 212 162 260 86 205 97 403 401 276 116 432 268 343 65 35 290 158 188 535 384 459 97 359 350 56 349 144 484 63 5 302 483 385 469 102 180 113 228 20 406 221 323 120 537 485 456 67 62 208 300 494 180 18 49 423 228 529 551 233 296 59 359 469 458 229 514 124 490 173 395 372 223 239 322 183 344 555 115 511 339 95 219 208 407 96 540 292 89 544 419 229 50 486 195 103 307 449 337 219 174 37 138 350 203 159 535 117 465 11 524 516 461 98 125 234 186 342 218 22 332 87 413 58 230 310 43 457 106 14 119 143 372 396 273 166 105 521 243 51 285 516 268 483 394 202 479 382 319 393 363 35 337 47 164 281 169 32 512 353 28 389 241 276 439 330 166 315 39 334 60 397 271 196 462 113 445 280 505 171 189 358 541 311 49 52 278 296 140 314 523 512 473 539 394 534 238 233 157 201 433 444 266 372 407 391 118 333 229 3 256 355 531 121 142 327 176 331 416 355 55 502 507 59 494 223 296 354 322 542 243 308 102 96 397 443 513 453
278 276 517 58 190 464 343 266 142 347 501 345 329 483 41 130 382 157 81 33 211 321 146 161 476 46 495 287 552 10 305 54 97 255 403 42 514 363 547 286 521 427 340 322 298 466 124 332 214 8 491 446 12 237 103 430 136 327 158 165 416 545 292 99 506 193 329 102 533 467 531 386 213 424 212 154 216 37 508 190 11 367 480 135 548 328 345 174 395 434 8 536 111 328 526 161 284 224 551 509 468 232 273 453 99 181 445 370 276 459 403 465 335 222 161 413 214 273 42 111 107 279 206 136 524 333 134 547 356 307 350 302 281 248 146 515 108 248 510 42 27 152 509 166 370 333 282 301 356 433 133 8 519 185 328 271 463 29 421 362 520 161 318 463 314 223 554 482 458 506 474 194 448 1 371 365 14 432 37 516 378 406 277 349 150 264 215 27 420 198 205 164 234 402 98 164 98 269 72 530 532 548 12 405 503 459 251 540 544 366 57 367 476 109 486 531 444 464 181 371 253 124 472 300 83 110 374 408 125 481 358 236 21 356 507 265 182 551 351 439 321 3 354 61 79 36 489 147 385 439 545 24 14 179 523 91 539 26 479 426 359 513 310 308 413 548 454 55 176 284 255 255 167 426 526 510 207 276 531 331
282 273 349 114 22 194 70 242 407 282 330 444 370 462 210 223 362 398 553 261 261 411 330 38 496 387 142 375 45 244 189 246 63 342 356 277 297 469 229 294 161 193 544 121 178 109 394 332 127 82 300 211 371 236 396 544 491 340 487 197 519 215 172 275 238 322 539 450 140 150 321 283 518 327 40 19 50 189 469 476 153 361 444 230 145 84 425 103 12 419 530 15 152 343 9 209 272 45 330 324 207 284 438 361 491 208 238 274 108 80 467 87 136 482 473 81 84 371 173 527 86 3 173 207 484 425 531 382 288 388 197 469 410 390 438 244 386 88 154 11 498 442 396 518 512 462 119 447 303 380 209 270 424 133 465 390 62 441 190 493 448 83 162 515 388 181 23 271 149 307 241 143 335 491 471 540 38 139 100 201 358 261 265 161 98 387 494 557 246 234 9 402 159 514 152 67 557 249 246 534 358 353 475 148 186 445 71 211 558 408 337 295 71 525 157 243 285 114 191 226 345 79 469 150 92 455 476 69 486 41 7 351 256 82 384 391 24 539 433 161 64 419 542 207 508 424 358 84 116 95 561 101 171 39 423 474 499 178 307 225 494 177 190 339 542 194 180 28 279 96 513 92 389 490 26 284 537 429 361 6 224 423 416 482
286 215 90 93 344 54 145 477 129 42 474 391 93 256 352 220 268 159 196 439 513 10 240 204 253 208 553 96 463 472 193 445 219 383 427 112 118 90 23 362 318 82 58 12 66 97 29 359 18 400 10 259 274 407 249 95 449 117 356 198 25 190 68 465 178 33 557 108 43 326 324 166 513 173 66 259 311 63 16 404 428 510 416 80 386 428 222 17 469 253 127 26 320 45 123 180 217 435 394 184 175 261 468 391 233 302 167 151 81 249 387 328 554 371 344 208 496 392 172 555 516 568 289 240 188 155 145 538 218 254 450 461 408 540 378 387 290 230 242 339 40 228 196 521 425 287 468 348 76 5 6 282 309 388 147 378 342 446 402 369 529 138 514 66 409 440 201 162 161 129 0 78 14 176 63 206 106 81 538 385 118 199 187 367 159 505 3 402 397 380 322 72 118 492 438 93 187 492 513 272 128 184 356 500 205 123 258 60 200 552 224 412 253 449 189 352 7 228 240 403 246 151 249 139 278 264 505 202 301 430 326 441 166 233 167 101 411 97 21 22 88 10 120 479 93 36 313 89 61 92 434 217 514 319 122 413 41 330 117 562 116 521 99 343 347 37 65 460 278 111 394 380 391 139 476 436 252 142 523 506 189 520 296 385 5 334 145 256
290 157 568 80 429 316 179 125 16 328 197 337 48 442 83 220 97 278 223 577 13 235 249 565 132 370 20 440 550 526 450 304 561 22 467 224 415 356 173 360 168 275 282 50 219 100 431 277 10 511 448 463 528 428 86 446 281 372 41 342 537 259 527 219 422 572 513 551 257 569 469 223 187 237 498 350 234 427 183 36 509 233 393 156 215 387 162 88 473 244 170 207 197 477 389 551 178 560 436 390 123 386 237 520 509 134 360 341 411 34 571 225 344 456 197 297 228 498 298 468 278 246 21 179 8 270 359 167 211 258 538 240 255 537 440 303 295 83 346 191 578 309 251 31 332 263 348 248 429 226 449 475 38 166 273 518 223 366 309 360 558 35 88 124 471 338 384 106 549 113 75 50 26 364 155 277 63 153 98 340 297 424 573 296 468 142 201 37 343 75 455 219 28 262 579 289 31 484 41 533 82 168 308 381 127 141 566 176 202 380 383 501 543 457 64 375 43 324 147 207 73 461 410 515 155 304 78 18 339 314 151 332 527 228 498 452 500 220 516 68 462 270 404 254 38 212 569 305 474 84 409 270 430 260 331 60 66 356 87 264 382 124 155 143 138 393 25 133 109 196 169 18 487 161 463 147 517 297 325 562 77 290 66 122 108 265 315 577 128 573 378 249
290 67 545 106 470 400 542 471 273 370 447 568 11 209 268 403 230 17 432 311 457 434 524 343 296 69 176 20 166 555 108 286 253 523 229 386 406 235 46 278 255 2 191 557 129 579 206 444 329 487 473 47 412 229 165 108 41 34 163 87 376 391 255 569 30 102 140 412 241 109 183 40 321 354 434 75 36 187 129 4 146 311 531 47 268 128 176 343 493 237 264 436 200 166 271 560 474 242 59 391 361 364 113 485 388 365 300 366 240 240 29 244 347 458 96 575 373 267 276 92 428 446 477 308 71 429 539 489 165 215 462 69 384 131 302 342 566 426 238 500 575 300 23 168 261 296 320 194 74 239 60 0 511 545 202 452 562 399 159 543 373 436 197 244 539 360 297 316 267 138 15 364 360 303 282 418 305 39 495 489 330 170 164 104 338 16 571 377 213 432 513 319 19 471 456 22 168 12 157 236 466 366 69 401 404 380 192 250 203 59 7 394 13 101 576 262 528 1 2 324 490 98 46 260 497 206 68 507 153 362 509 562 569 574 575 227 492 514 274 481 31 231 338 128 298 1 261 448 222 324 497 368 370 292 165 7 148 378 324 50 423 127 92 9 576 493 387 64 361 33 44 86 261 84 245 138 415 577 450 387 385 112 547 228 320 147 569 448 500 503 135 255
298 67 78 395 122 172 325 97 503 254 534 321 222 348 507 488 307 223 178 368 198 580 93 544 583 569 567 428 92 470 262 428 62 576 576 490 501 139 22 494 349 15 482 280 168 571 398 493 379 84 26 96 98 482 33 481 181 585 115 493 425 99 5 225 62 550 11 485 219 291 67 293 299 163 511 156 526 355 186 394 31 243 533 121 65 137 231 312 68 433 131 536 365 175 315 519 297 555 554 487 21 448 174 6 4 458 113 132 147 32 492 474 237 413 392 274 500 521 523 37 412 6 407 89 69 28 406 546 429 533 321 280 394 465 459 495 219 287 436 448 192 29 238 195 51 295 469 502 492 280 482 257 505 359 201 395 234 111 464 15 295 183 262 267 457 510 457 580 161 578 350 298 455 505 19 175 588 172 198 370 144 85 535 48 134 282 110 44 395 263 475 580 530 176 502 405 151 481 250 298 545 334 489 88 562 544 432 20 354 40 72 266 399 104 207 427 159 182 428 254 487 335 60 272 228 309 453 522 230 114 395 595 441 330 92 424 435 181 100 248 108 447 379 231 38 547 139 226 282 180 224 211 209 382 516 157 206 322 561 269 99 219 192 595 9 495 358 339 310 402 344 448 371 363 228 226 530 181 194 103 127 573 138 394 35 273 66 490 116 547 345 293 313 278 300 116 337 3 427 379
302 172 3 357 116 381 207 77 10 490 25 103 521 546 492 582 527 337 407 79 369 367 233 212 546 82 16 25 194 434 236 238 509 298 189 69 330 480 125 291 416 206 429 501 125 235 11 317 568 318 73 441 562 543 336 184 575 219 102 350 431 312 301 554 41 288 514 279 544 182 37 482 83 48 491 133 190 54 375 467 552 408 144 486 442 469 417 589 287 66 481 394 259 599 219 409 256 499 209 6 400 224 439 253 72 200 261 190 501 12 189 36 465 227 168 61 511 263 508 478 1 435 163 277 385 566 353 557 85 334 563 64 287 557 123 38 100 551 246 557 214 1 355 232 162 68 148 603 316 341 268 445 549 251 384 194 595 217 287 441 478 270 61 282 160 102 476 595 472 192 95 242 278 464 535 603 17 291 130 509 107 353 481 195 500 386 312 352 39 324 14 438 197 204 70 323 603 194 319 440 243 453 578 589 444 155 273 155 313 334 569 564 527 186 304 152 601 464 76 436 504 499 375 330 6 145 17 571 246 71 1 139 253 109 272 127 184 203 567 564 522 274 190 344 423 396 517 426 211 199 15 37 341 455 387 155 139 548 578 603 285 203 37 575 285 67 106 483 52 541 532 122 466 58 158 27 592 173 329 207 149 469 85 361 163 532 191 192 293 483 204 603 545 70 42 365 62 440 236 73 243 130 194 275
310 36 560 290 326 3 88 151 572 378 272 219 170 429 361 174 397 439 218 39 616 319 56 427 281 61 189 187 25 403 336 19 121 360 612 212 42 437 365 70 129 108 338 575 182 509 353 358 399 360 135 243 401 429 337 369 436 545 460 444 223 99 40 585 544 216 66 418 496 470 540 457 617 319 152 340 25 383 517 18 176 298 376 9 573 532 452 162 617 186 564 7 403 328 151 539 325 579 161 88 440 163 353 619 226 452 273 231 468 179 180 606 141 511 278 464 246 416 582 11 439 189 358 609 294 9 281 541 101 293 413 3 322 456 101 71 3 103 175 350 114 311 398 206 582 594 230 482 304 295 566 351 268 186 591 414 456 372 312 384 268 11 468 129 188 57 590 499 252 29 345 538 241 547 204 441 439 611 540 320 268 70 569 401 360 122 135 274 367 596 224 266 17 373 85 127 41 17 375 40 105 399 175 293 576 506 84 370 508 500 268 375 12 421 606 224 371 181 540 446 443 272 120 520 442 403 128 5 116 378 488 378 499 285 69 387 88 565 109 536 127 129 136 44 196 26 19 186 58 466 575 49 368 396 213 605 521 207 153 285 289 329 542 277 470 599 273 287 40 544 478 106 281 319 225 563 221 193 327 438 586 266 360 2 260 126 314 433 184 618 309 356 196 292 365 68 508 143 373 166 251 48 175 334 145 448 224 56 267 502 48 547
310 173 582 381 202 131 261 458 418 299 74 609 226 71 439 224 568 81 143 100 100 360 100 267 586 49 147 321 314 79 501 226 159 218 332 594 549 116 115 349 448 531 314 524 514 401 185 541 490 239 481 163 111 202 408 93 84 564 515 101 560 84 47 19 521 541 368 360 264 72 128 586 314 530 603 368 558 360 494 598 267 99 377 99 603 392 443 220 88 264 279 186 19 497 50 549 69 450 386 436 32 66 309 16 607 398 270 288 492 395 210 201 46 602 410 423 79 614 397 357 232 525 401 561 118 286 598 482 476 491 46 216 606 144 171 428 20 216 356 234 562 505 585 608 521 269 100 305 231 361 143 96 429 232 50 580 492 279 272 334 169 492 499 555 369 350 258 195 227 64 411 111 96 530 280 509 53 231 89 391 478 418 611 414 511 476 606 362 201 365 264 450 189 543 494 80 14 345 501 401 13 573 86 353 568 534 441 209 532 154 161 281 371 428 360 372 29 44 278 270 60 0 407 367 559 338 469 172 348 46 13 568 4 457 288 347 617 389 449 89 35 357 373 276 402 480 402 241 1 254 582 72 466 294 276 582 251 210 79 4 458 300 500 322 469 32 83 444 414 185 420 229 185 215 500 560 335 546 469 39 337 186 183 47 275 142 245 78 106 468 306 130 73 481 454 254 432 51 426 213 207 335 2 194 255 7 49 496 171 1 493 39
314 221 249 14 170 141 147 367 134 209 236 424 398 340 590 26 227 562 390 463 20 499 560 470 11 360 32 109 409 56 534 116 211 371 17 409 427 200 61 211 273 476 167 465 309 316 364 407 595 518 251 329 236 488 465 369 307 370 328 460 291 492 587 120 249 177 100 57 183 507 260 493 204 4 86 468 486 219 247 100 218 491 626 189 69 588 558 210 112 479 204 505 503 296 366 61 591 282 62 482 573 487 289 265 470 321 445 242 395 402 84 222 1 340 27 394 559 464 251 230 594 419 400 170 9 573 574 108 238 443 585 381 37 538 215 33 196 120 332 331 442 269 194 203 32 589 14 376 425 11 84 621 367 561 6 578 143 134 196 578 452 131 491 180 576 98 134 15 137 301 80 110 142 277 403 359 86 371 533 127 282 442 51 307 119 303 507 111 416 579 402 7 399 627 305 626 419 499 280 214 408 339 421 367 601 357 500 251 477 329 626 171 546 409 151 346 466 2 543 243 544 435 622 516 8 302 381 215 30 57 286 583 579 565 297 307 148 583 131 93 274 574 16 141 482 311 320 420 464 367 216 504 195 566 100 226 352 348 218 479 510 87 457 220 458 348 366 4 294 152 329 28 97 378 596 463 149 487 16 107 65 169 359 162 148 482 557 554 428 108 154 252 301 413 346 547 14 23 233 153 135 539 24 566 249 279 349 449 565 345 373 91 275 470 605 594
314 145 582 229 81 301 3 488 531 510 443 537 454 338 193 324 583 583 392 24 487 208 62 268 514 355 548 89 516 46 203 115 112 34 438 4 184 487 62 209 560 612 331 408 24 194 249 510 525 199 121 432 46 101 225 183 514 617 502 341 111 267 466 510 618 431 386 360 138 73 601 206 89 285 620 33 160 122 530 413 439 184 238 444 450 512 128 396 483 24 197 39 15 553 150 313 483 539 458 409 542 330 432 419 162 130 485 311 209 493 419 580 529 128 623 413 64 416 127 160 560 149 273 325 331 8 361 124 559 168 314 186 516 125 406 92 366 460 349 400 176 372 259 418 527 278 23 405 390 229 590 301 349 313 418 543 184 520 561 570 30 512 525 359 64 164 172 197 591 304 334 434 253 147 410 138 383 225 222 299 263 260 106 433 335 115 178 133 573 541 372 552 49 382 47 161 133 374 286 317 484 447 150 541 260 221 427 342 379 215 324 198 487 435 400 345 23 270 2 361 84 246 240 481 477 216 510 362 232 278 39 232 445 9 413 37 552 391 395 472 367 381 604 550 614 501 244 160 438 308 545 214 181 163 476 219 115 508 247 48 120 393 550 75 168 32 587 505 546 210 229 81 422 496 270 158 478 126 560 146 258 224 513 80 385 318 77 529 408 87 485 83 401 9 85 49 601 41 601 47 331 36 127 573 58 66 379 239 586 219 586 147 353 499 246 67
318 35 462 143 613 422 427 395 12 452 168 571 61 249 197 198 88 140 592 546 409 583 151 39 356 537 204 48 89 91 323 405 91 100 392 603 527 165 389 602 76 535 304 567 444 157 266 586 634 321 224 276 174 578 282 360 534 125 465 150 151 115 597 297 20 576 74 198 245 495 583 90 31 354 400 13 99 585 357 41 428 603 154 6 565 585 600 569 587 329 381 148 418 434 55 30 371 0 312 390 162 363 585 80 162 185 621 576 172 295 55 409 272 344 597 196 293 535 15 554 487 74 528 186 219 49 633 276 498 179 242 511 202 530 388 202 401 551 150 169 51 309 547 11 38 405 133 93 417 412 23 120 435 330 542 621 65 623 88 555 362 512 137 34 401 225 371 282 469 558 446 87 160 467 513 528 298 178 574 359 236 122 491 484 335 359 67 165 521 548 179 91 490 308 154 500 516 597 27 285 302 513 440 43 565 38 596 293 483 291 623 69 601 529 434 397 526 424 247 500 396 270 173 600 96 505 382 330 71 147 588 464 520 348 251 579 475 367 24 219 581 206 528 156 188 202 534 514 258 390 180 166 483 301 628 100 486 246 146 572 602 122 76 312 32 498 68 363 53 68 286 423 393 32 249 519 586 233 630 122 382 114 151 416 180 302 65 145 33 366 615 22 298 606 635 375 37 370 246 449 3 237 434 83 209 488 281 469 244 273 131 68 133 558 316 568 322 431 14 586
322 296 457 389 465 107 209 369 492 49 205 384 35 145 454 25 545 437 10 281 62 397 308 145 58 206 35 77 346 409 405 338 557 129 456 597 196 537 98 516 14 124 600 423 513 612 552 409 277 455 136 233 453 368 21 234 526 378 626 610 191 297 329 638 419 266 391 148 203 159 222 178 190 256 22 278 54 258 226 520 263 397 226 65 183 196 134 283 608 512 328 183 359 540 88 320 144 24 375 448 171 35 13 36 600 543 500 534 182 458 425 392 260 468 540 503 66 235 345 414 144 92 225 639 510 382 217 587 69 159 553 424 207 508 167 412 546 266 197 296 47 374 100 496 203 60 575 537 32 363 523 99 224 227 230 227 19 324 480 354 311 159 617 477 71 628 342 391 197 79 37 460 130 310 261 545 632 466 207 263 584 403 33 272 485 223 559 425 492 228 123 501 493 88 607 638 618 393 191 373 18 106 90 156 463 316 331 456 386 450 613 437 429 63 382 1 384 366 634 388 323 634 420 291 230 433 594 417 397 61 487 310 30 231 478 163 278 591 38 246 581 42 270 278 140 600 286 493 639 147 521 560 495 638 123 236 415 419 394 128 558 121 431 89 271 111 308 518 133 518 302 25 205 183 26 345 434 242 473 276 97 623 190 605 424 316 127 442 606 551 472 296 148 545 138 601 566 226 208 430 159 244 520 262 322 8 226 421 351 387 253 476 452 367 5 291 5 303 451 446 336 342 272 277
322 206 64 70 45 10 500 373 361 210 455 409 596 27 39 124 387 560 608 396 245 69 631 47 248 124 602 399 215 383 120 354 333 354 111 117 64 248 541 581 148 375 181 249 198 248 622 120 146 115 113 133 14 591 252 215 567 513 274 506 437 162 190 575 268 402 395 305 501 327 313 341 166 568 409 183 65 189 531 397 80 622 427 221 344 636 560 424 399 497 280 256 299 138 2 228 486 312 577 153 19 629 608 394 349 52 65 371 500 145 381 497 132 212 434 111 386 465 320 168 153 371 227 512 471 228 386 380 83 88 500 178 402 370 97 533 12 58 550 414 5 114 457 432 380 382 266 86 107 482 326 234 19 150 34 248 251 323 630 484 181 178 327 22 470 252 387 359 18 236 284 166 536 541 51 286 618 497 323 216 561 417 536 129 49 468 2 309 65 43 534 643 624 317 615 625 540 70 629 267 105 6 350 248 6 305 16 425 507 412 431 173 321 331 75 546 224 412 360 444 375 197 570 324 173 341 51 325 86 165 440 536 106 39 529 618 521 100 130 267 431 215 84 460 257 378 270 155 344 154 574 586 176 158 173 94 355 639 39 545 129 195 543 288 364 245 522 245 65 309 109 301 433 285 79 314 138 566 321 288 5 546 68 182 306 315 596 570 130 168 188 630 486 150 184 473 560 520 622 546 544 149 431 408 398 310 579 556 93 439 182 456 25 531 304 483 382 349 579 576 164 616 521 135
326 144 263 27 458 127 475 338 152 76 480 645 189 394 237 470 354 253 58 168 19 253 41 253 147 173 140 173 246 371 583 523 568 619 487 283 303 321 623 421 274 260 114 114 581 314 138 54 177 360 334 618 96 439 623 493 267 438 217 456 321 519 466 245 167 573 55 181 452 481 311 229 584 114 78 634 580 475 173 16 382 317 432 466 497 339 460 646 73 280 360 294 254 455 642 81 315 2 305 137 219 137 37 483 141 218 109 321 229 541 291 182 215 483 330 571 428 446 334 367 389 585 581 271 642 481 76 517 121 416 546 638 1 257 86 144 399 24 258 444 185 387 415 407 340 459 603 179 518 79 52 219 458 255 509 611 366 560 239 281 138 307 91 118 384 92 117 80 15 500 420 608 338 322 425 174 430 558 9 341 142 256 273 527 362 288 576 151 44 356 24 558 337 344 465 533 372 81 222 612 350 389 180 587 439 552 314 181 180 291 334 263 112 423 471 394 180 85 575 533 38 649 616 561 128 566 28 275 603 450 472 205 380 585 351 82 84 439 251 366 495 281 196 30 232 596 0 354 569 254 20 468 97 540 519 216 381 619 193 166 188 88 350 529 49 458 590 273 363 487 311 346 9 244 386 382 287 57 644 445 32 10 274 296 481 239 308 602 198 184 649 609 231 23 252 520 217 136 247 497 596 509 572 585 30 223 357 231 174 614 197 104 41 114 529 87 29 138 503 522 183 420 439 576 495 639 381 552
330 117 637 28 444 129 165 584 68 47 540 412 465 572 357 368 72 43 538 211 540 385 161 74 627 166 297 318 408 137 238 242 306 64 446 388 468 321 453 616 196 0 152 416 420 215 187 168 463 499 234 212 22 246 624 486 59 573 246 178 430 656 182 246 381 125 451 558 280 229 178 584 237 370 309 315 244 178 61 265 28 123 574 139 47 297 96 460 653 655 413 373 609 494 458 507 560 48 348 127 424 594 134 46 107 391 538 178 107 573 594 493 263 128 164 320 28 449 314 419 278 564 471 466 175 57 61 450 98 613 501 422 280 53 196 225 20 656 173 226 165 458 588 67 290 76 421 11 266 329 323 541 498 165 80 524 100 624 221 405 614 241 3 7 237 514 164 403 319 324 230 270 539 299 536 548 283 222 15 517 348 191 138 564 488 468 568 283 144 569 587 576 14 74 163 238 171 587 218 193 242 562 476 173 149 517 112 415 335 163 455 142 418 368 484 291 19 549 121 510 387 384 477 106 212 132 625 44 68 527 538 556 551 445 28 171 365 31 412 48 574 573 487 616 420 182 352 99 432 188 146 266 198 655 219 409 134 341 528 315 429 519 153 511 611 556 26 196 345 21 425 75 211 90 455 96 582 74 356 240 611 318 416 42 231 590 174 198 2 643 128 338 299 310 485 208 134 525 231 626 89 473 493 637 326 383 52 491 348 286 291 620 637 60 351 332 222 212 566 302 165 630 552 530 374 200 573 195 277 197 73 457
330 41 432 526 125 420 70 540 131 655 234 97 24 561 122 15 30 108 121 420 214 506 546 70 624 281 354 294 247 598 124 94 485 18 350 193 89 446 27 136 27 574 605 569 24 64 124 442 571 7 287 90 31 123 143 509 332 300 97 472 433 49 643 363 203 316 601 325 604 272 648 134 67 327 328 9 20 621 658 12 81 566 210 635 454 337 266 442 333 579 55 502 602 429 299 579 499 261 645 361 241 425 308 472 336 155 74 640 586 374 6 518 269 14 203 98 286 65 9 496 194 546 502 193 63 216 435 233 25 498 463 167 269 300 401 468 92 299 260 18 10 249 350 252 171 189 76 306 607 462 371 626 608 591 106 215 535 578 533 653 177 644 95 457 516 383 369 406 654 598 68 445 289 633 324 656 604 455 531 228 449 160 340 478 359 574 488 157 334 152 114 652 223 105 562 499 86 61 643 327 25 642 9 656 576 323 116 71 523 588 587 341 163 388 436 268 21 609 534 563 608 428 623 588 182 213 298 527 90 30 4 449 639 502 387 579 267 11 296 113 158 413 535 88 240 484 644 274 21 586 272 326 71 422 629 418 197 575 206 476 445 281 511 169 420 623 601 84 411 245 188 555 448 592 2 559 560 646 261 119 158 356 58 605 180 53 649 126 371 29 198 415 57 35 223 6 517 208 243 73 574 366 602 597 370 358 615 135 111 593 124 337 566 201 123 114 572 600 616 327 135 598 344 564 244 651 75 615 16 76 317 224
330 285 228 52 597 596 601 538 623 59 234 299 180 449 41 200 339 555 308 344 581 344 575 401 451 424 366 165 330 621 538 612 554 498 413 226 580 579 150 46 354 573 476 471 453 283 287 294 374 194 170 182 437 255 336 399 567 52 510 604 486 210 470 62 50 129 559 354 585 546 169 62 262 74 100 180 550 300 48 47 134 515 341 609 624 327 209 655 584 364 633 264 266 281 557 25 280 349 161 58 118 58 329 103 524 360 35 239 546 234 302 657 59 613 211 426 596 102 10 421 576 346 135 108 557 446 48 456 218 517 110 250 357 370 22 104 2 42 293 361 572 536 445 68 293 163 132 347 168 123 249 247 573 0 206 23 21 377 577 242 2 470 535 472 105 331 442 297 240 557 69 429 646 517 311 33 176 579 530 563 209 419 232 368 296 451 232 170 428 277 608 312 199 77 500 639 100 210 118 656 352 246 237 187 29 570 255 80 288 203 626 254 189 279 222 43 289 525 236 45 501 470 505 220 34 384 165 609 202 498 0 376 291 208 291 234 416 150 480 144 383 577 410 409 248 189 600 439 489 2 495 643 508 582 309 529 591 499 410 289 315 643 359 136 417 171 197 111 311 9 36 397 18 127 47 569 60 33 96 361 17 604 12 198 205 365 572 78 218 441 146 549 113 602 563 204 456 424 34 344 129 342 46 211 99 423 313 77 527 36 131 339 331 514 409 562 351 224 525 547 138 195 352 147 262 174 55 366 36 302 96 525
346 233 13 208 47 625 335 303 236 340 562 149 77 164 491 276 166 460 119 613 352 360 130 27 511 405 189 450 690 473 563 184 667 615 61 149 603 480 368 230 344 453 393 184 380 567 319 388 258 270 112 353 656 635 483 39 393 525 356 306 328 150 555 392 578 493 560 261 545 350 47 208 417 354 624 107 582 192 223 683 472 136 691 430 267 686 647 295 332 580 472 230 596 167 676 269 490 13 437 291 198 31 203 422 250 418 632 501 33 90 464 197 554 402 483 574 367 77 397 452 410 606 293 102 362 81 482 362 331 219 354 637 313 247 346 338 415 604 479 175 48 337 99 614 511 98 299 370 678 237 147 130 654 61 444 152 185 114 422 301 447 569 71 341 102 116 59 608 45 557 406 646 338 261 447 32 96 206 429 284 230 563 298 92 651 86 449 177 263 499 400 563 100 160 41 581 562 144 556 405 487 189 650 554 602 589 59 629 671 555 198 386 553 165 218 644 484 358 387 571 401 3 81 671 608 547 178 12 276 624 191 230 230 116 34 519 0 348 127 98 528 45 272 492 505 388 150 339 604 646 110 410 517 138 646 15 296 445 343 515 438 10 426 277 158 172 101 397 43 458 605 209 454 503 550 433 303 515 157 409 273 602 140 12 215 219 429 175 207 68 206 660 516 72 388 636 292 481 560 674 478 426 455 463 480 41 445 114 47 143 200 511 244 540 29 619 38 497 285 662 88 341 584 72 387 545 41 244 178 426 421 374 688 131 11 558 385 530 602 500 532 355 28 0 309 294 512 537
350 86 306 405 178 593 556 28 440 514 152 668 699 151 10 33 47 97 320 358 278 579 365 529 346 326 72 439 611 209 628 515 228 185 458 502 621 194 26 606 117 322 643 535 169 633 464 13 248 26 190 643 448 344 16 456 659 308 174 620 371 196 159 96 131 223 478 621 338 698 568 149 387 604 586 241 302 8 570 480 513 257 242 11 282 420 148 437 73 372 448 686 477 109 491 514 601 299 355 286 388 415 46 174 260 393 524 76 162 437 537 17 448 435 27 445 450 317 671 478 247 9 680 477 68 188 237 611 167 328 411 593 247 433 43 220 485 20 22 137 180 289 96 111 163 380 353 142 548 281 666 1 80 506 442 76 537 477 38 611 199 474 197 611 610 372 261 672 508 353 532 616 175 168 219 351 548 135 472 660 550 121 345 293 355 508 663 514 350 206 407 348 176 81 643 257 506 308 489 445 0 485 534 509 69 469 0 692 91 668 141 697 563 401 261 26 536 285 436 590 336 416 675 405 671 452 297 316 203 296 489 133 691 685 672 594 22 487 569 601 318 272 435 471 658 355 101 86 649 92 273 560 303 558 309 667 200 460 510 510 555 82 44 313 668 417 151 266 254 118 351 399 428 695 198 621 222 262 284 203 282 411 363 626 149 529 580 454 104 478 656 543 335 597 620 143 79 410 164 641 440 431 341 270 155 182 59 409 297 662 592 537 499 143 41 10 378 7 378 592 181 32 568 680 94 4 590 51 668 661 257 447 395 241 194 476 243 625 428 293 425 658 324 667 535 54 206 270 253 452 73 35
354 116 68 108 344 664 234 145 285 103 529 299 240 510 40 7 371 498 445 476 619 480 419 27 44 259 631 282 702 353 604 449 386 498 523 42 664 695 476 590 352 336 346 404 558 361 30 397 501 131 177 330 152 589 503 245 421 677 55 146 692 75 388 457 375 164 95 234 109 604 388 415 362 133 107 386 163 414 668 291 431 540 704 497 702 238 277 614 650 571 68 553 265 182 488 364 352 211 130 68 375 1 119 635 504 697 195 707 16 596 330 525 641 520 173 73 249 102 342 145 38 229 12 539 221 240 235 697 74 441 105 608 591 376 42 58 620 212 93 385 466 119 10 345 521 367 168 148 148 180 60 61 630 371 55 638 141 545 508 30 436 440 466 706 137 706 17 495 51 217 276 145 563 574 316 53 415 698 292 626 557 418 189 386 626 498 204 136 194 696 646 139 228 355 219 593 396 20 416 96 619 462 317 246 571 277 189 145 60 707 221 285 558 524 17 397 397 467 1 459 334 476 7 616 189 387 606 91 132 691 545 61 208 330 661 503 404 565 562 13 433 380 13 243 212 16 195 110 333 269 257 299 48 70 44 327 389 188 356 657 28 311 233 551 458 142 85 294 264 531 380 248 397 592 355 109 580 202 191 280 156 586 690 158 133 3 189 145 290 115 109 64 682 316 101 37 681 522 297 590 266 171 283 551 432 695 486 527 543 432 250 392 700 265 10 58 328 497 395 302 70 55 524 298 454 195 261 623 245 216 111 654 586 142 527 274 456 111 143 290 345 495 19 704 489 318 504 380 675 656 53 439 194 283 118 84
358 234 149 471 491 22 234 662 585 646 310 24 290 101 417 693 346 638 290 159 616 208 658 476 590 374 653 598 422 554 108 72 399 686 660 140 142 407 419 546 227 412 178 304 519 511 652 183 507 648 396 40 255 461 327 269 180 576 561 140 364 260 287 674 518 224 50 197 343 268 161 524 715 78 40 122 547 470 699 321 607 501 695 208 96 596 651 233 137 290 668 418 355 274 154 611 387 390 693 531 132 31 682 336 534 341 696 406 556 191 235 348 176 76 519 453 326 45 134 274 253 89 150 642 79 562 689 482 534 249 116 440 265 460 263 620 563 1 599 224 468 520 480 711 329 76 366 114 80 0 354 74 48 603 627 690 499 658 207 247 280 115 582 576 443 356 54 674 196 710 320 460 169 624 713 296 97 588 560 609 168 404 308 92 601 628 7 554 0 669 544 3 537 101 291 414 265 48 608 562 557 560 597 199 303 132 699 577 345 444 476 299 78 576 421 69 619 319 260 460 676 171 38 52 26 90 218 487 154 329 506 467 291 580 708 61 311 411 202 264 84 87 689 1 385 361 366 1 611 602 506 330 594 679 457 275 341 504 443 357 479 318 230 298 191 164 207 140 302 202 292 171 527 323 599 518 255 212 191 521 58 641 425 429 482 225 105 459 102 661 101 337 425 467 217 29 504 372 655 443 55 528 450 564 623 101 606 409 149 252 396 489 568 468 681 53 580 519 33 280 417 290 490 45 403 121 355 483 599 396 647 712 186 200 525 480 333 282 330 443 150 56 348 608 600 691 404 135 319 592 638 602 363 19 86 393 364 49 348 699
366 25 43 655 285 125 513 688 309 186 443 597 699 687 699 495 445 51 285 225 128 652 642 294 306 466 39 681 613 341 335 145 305 725 494 77 26 631 397 642 471 565 601 466 144 372 76 434 141 620 534 627 199 222 689 233 567 327 641 608 105 254 315 588 360 488 152 109 595 464 489 666 731 362 243 302 632 99 701 333 217 696 106 338 104 324 204 703 176 582 384 262 384 637 244 667 172 358 147 441 277 640 145 2 446 61 441 534 712 421 69 16 475 17 24 359 694 680 127 60 263 423 537 594 246 79 291 626 605 230 449 705 489 557 255 161 444 572 156 660 501 398 13 246 26 466 291 34 86 39 526 83 194 236 508 682 81 467 299 384 6 201 267 667 70 559 311 615 424 608 428 450 482 476 34 471 78 698 515 24 226 583 623 24 570 462 124 140 700 659 270 300 531 358 239 436 628 59 582 231 423 167 267 554 41 352 252 639 287 621 311 428 641 105 358 100 583 513 27 193 389 346 587 2 591 296 630 729 430 150 704 40 308 100 601 84 682 54 246 428 87 602 511 125 541 431 640 88 648 397 105 368 487 705 476 338 393 101 567 333 542 664 79 633 368 62 596 647 313 62 330 267 666 409 452 541 661 657 399 472 247 440 665 391 165 665 147 217 251 654 488 350 210 303 605 491 337 29 491 675 720 286 330 72 516 273 385 65 230 219 600 152 261 483 467 177 722 136 622 476 423 51 422 68 140 534 597 627 42 323 513 379 218 620 274 174 503 144 678 579 595 158 209 572 133 251 708 522 126 313 702 405 54 16 308 606 371 387 625 343 383 543 199 603 86 582 319 350
386 268 610 619 57 651 767 643 267 183 41 606 494 555 646 25 8 48 648 269 555 38 6 527 595 589 226 656 99 705 291 612 317 733 609 455 384 147 209 750 693 642 613 86 457 409 590 129 93 204 535 660 379 518 432 79 423 46 483 407 312 761 211 19 37 56 153 460 556 107 106 708 269 220 556 605 718 485 608 216 383 596 207 223 718 334 311 242 648 641 95 640 211 396 556 134 429 718 629 22 321 724 524 453 579 386 268 228 222 574 584 473 458 385 74 563 766 103 352 304 394 735 400 493 140 239 108 250 310 241 213 144 70 122 208 645 446 463 339 591 62 619 574 458 676 746 634 686 393 383 131 92 178 165 522 487 366 642 349 305 246 711 296 349 539 127 269 574 601 624 687 225 547 540 10 455 680 278 99 584 653 17 466 20 620 256 673 202 443 510 226 758 751 502 204 703 264 750 442 16 286 583 13 753 140 100 113 308 68 24 659 0 300 182 359 261 672 594 771 463 407 268 46 745 373 187 736 249 117 76 397 44 102 416 251 611 663 23 108 73 109 491 293 371 178 765 745 646 458 173 162 11 336 80 587 558 645 424 238 84 762 633 398 255 215 368 614 682 223 657 318 89 34 400 559 453 39 748 363 235 19 58 403 696 454 768 730 378 588 328 14 178 136 85 290 731 574 444 560 716 692 530 69 346 398 362 251 43 671 759 67 475 241 87 456 213 449 235 290 148 669 102 751 540 551 649 29 22 663 646 175 280 90 403 242 741 107 515 261 704 554 197 760 711 675 355 744 622 725 712 578 511 691 14 719 431 44 551 488 228 475 173 150 153 545 514 274 165 195 320 139 281 108 402 545 563 31 54 423 525 765 515 328 99 690 494 454 659
386 297 19 300 686 532 396 395 199 724 408 168 28 66 687 197 101 712 698 660 119 712 157 682 654 282 14 293 426 710 632 674 414 253 722 350 353 212 611 628 349 604 294 763 365 617 365 198 172 666 386 740 148 492 485 180 662 193 131 655 326 448 305 307 198 65 118 159 479 252 165 399 514 479 594 367 459 236 650 415 156 362 765 239 550 607 333 554 317 645 55 560 12 470 157 732 410 115 693 229 677 488 316 170 170 286 432 157 667 423 481 697 65 152 149 283 226 243 612 220 67 251 531 293 188 165 458 173 102 666 705 464 749 445 405 23 178 591 375 730 217 531 81 703 253 377 286 357 188 572 599 662 688 326 368 581 202 434 60 313 347 577 598 333 464 249 209 185 155 524 423 285 47 660 522 491 578 394 431 417 547 108 391 605 33 399 324 373 672 358 310 187 734 696 122 12 12 204 718 678 95 80 676 8 176 358 478 630 707 214 169 51 502 688 160 651 220 30 172 667 738 522 495 517 324 482 391 657 362 315 440 678 633 503 44 433 708 645 384 605 168 267 319 339 656 623 477 423 393 235 34 136 401 41 168 93 746 754 362 158 239 293 655 103 455 102 379 87 160 537 223 298 178 258 487 174 174 95 190 140 179 599 359 426 682 293 716 228 321 607 589 312 582 717 572 65 296 532 598 229 229 258 61 404 210 198 536 459 750 739 119 644 497 523 131 270 541 536 447 397 97 179 716 91 355 519 502 10 113 208 318 331 424 57 331 473 41 92 323 256 169 324 665 336 467 164 60 706 650 234 233 6 598 71 624 466 198 753 665 183 287 61 714 173 742 272 611 653 510 198 713 580 175 756 132 682 514 210 673 419 149 179 430 320 705 13 97 648
386 239 363 16 706 495 360 719 498 690 743 335 39 318 642 278 377 716 391 162 16 326 114 630 512 130 269 668 13 599 499 687 606 745 481 129 64 269 458 3 311 455 375 482 759 239 454 736 79 729 288 596 28 200 179 154 703 408 180 514 438 475 31 577 205 481 434 425 520 40 750 54 410 3 420 538 607 454 468 599 492 470 122 306 304 516 732 533 618 515 26 612 150 251 266 627 390 298 9 608 319 149 299 56 203 304 353 588 709 341 585 430 5 183 672 318 702 192 19 690 307 374 503 503 214 474 511 354 589 757 381 95 283 284 555 476 127 484 178 423 277 460 10 164 694 268 260 565 232 262 515 69 193 301 684 650 747 505 92 478 327 360 32 696 733 195 656 133 195 204 731 328 323 302 567 609 258 189 238 398 145 174 351 571 631 488 536 327 416 88 168 91 687 503 623 141 133 56 557 53 388 203 464 648 138 312 85 9 465 331 428 33 265 566 26 73 535 274 699 638 468 323 308 584 394 342 750 480 654 329 199 249 123 650 677 52 59 747 496 194 108 127 352 636 126 283 281 13 452 608 624 402 58 428 719 264 77 214 595 227 283 708 643 125 242 5 723 577 445 670 429 640 406 340 531 199 654 498 650 131 433 397 60 597 458 390 30 661 437 92 723 79 364 386 354 586 31 260 128 545 271 613 48 183 700 363 259 141 34 11 135 657 479 301 578 460 424 125 7 391 573 524 551 10 331 234 503 322 718 347 353 160 369 610 469 136 334 483 99 582 142 28 449 126 329 40 0 700 277 127 745 306 4 487 186 371 357 224 406 162 218 238 633 110 595 257 31 471 650 565 10 638 350 320 736 318 601 767 445 201 63 81 254 438 12 86 506 597
394 14 766 729 471 53 773 135 545 654 368 728 403 92 465 70 206 537 461 451 324 579 128 757 737 29 286 687 55 496 386 436 389 578 520 43 641 458 540 90 444 464 267 7 111 253 530 115 61 750 697 567 346 260 10 241 520 729 609 716 766 450 620 753 702 296 585 783 21 147 695 621 185 679 655 711 10 138 470 500 511 643 4 498 17 240 66 779 404 98 38 88 603 699 461 577 198 430 576 72 239 116 548 181 87 213 313 26 774 93 360 350 610 456 515 632 2 370 179 728 491 746 167 437 57 279 718 426 100 116 423 228 784 469 504 316 410 632 5 13 623 247 482 70 701 685 396 641 757 72 333 365 372 106 618 521 310 395 189 757 191 280 182 472 143 709 112 254 146 575 730 98 405 421 462 14 177 23 348 701 706 620 310 490 666 635 86 136 670 40 739 158 248 489 301 594 119 61 716 785 136 60 758 255 351 460 30 451 258 265 68 212 391 164 70 646 151 162 342 694 610 507 561 178 695 468 377 239 509 630 566 600 296 369 679 766 558 274 404 569 194 409 169 212 589 19 240 141 585 574 745 324 650 536 364 118 134 628 327 333 715 546 187 14 488 461 323 123 204 22 33 64 156 506 230 533 249 118 686 93 191 50 429 692 36 652 205 143 28 520 704 70 740 479 414 192 516 454 485 641 171 611 305 292 478 536 504 707 225 103 17 161 499 732 756 593 222 413 4 74 124 3 91 554 29 249 271 387 779 439 477 297 689 762 718 548 353 579 558 301 344 592 701 647 755 425 612 366 208 567 625 231 160 751 551 67 451 212 217 536 486 189 117 699 691 93 208 328 379 213 392 393 280 583 79 280 651 472 612 268 194 734 221 649 580 368 787 497 91 602 402 649 659 458 299 593
394 381 224 677 16 20 359 503 5 678 86 580 535 618 556 564 256 262 466 608 478 279 180 305 350 113 84 47 676 505 334 306 553 278 133 729 642 668 97 485 418 176 702 384 628 712 55 785 203 719 431 412 481 402 325 274 288 63 446 407 34 169 395 207 35 657 477 180 420 502 237 148 51 66 185 529 101 521 344 71 249 528 263 148 471 49 14 376 241 260 21 250 131 345 387 778 88 103 569 673 761 564 360 441 129 42 676 473 133 187 386 529 541 315 251 295 401 331 470 198 189 273 274 117 106 782 433 144 199 480 2 482 454 378 486 727 620 328 665 126 312 287 267 782 427 734 166 590 178 589 316 508 401 335 147 63 250 510 166 16 608 488 42 181 369 513 578 499 576 161 396 480 192 167 427 214 127 103 731 5 156 626 67 610 427 188 660 436 354 590 534 243 319 661 59 416 435 341 178 75 637 775 141 621 516 100 502 718 267 262 542 125 703 224 98 102 310 303 654 661 217 499 163 624 407 397 454 673 343 388 62 505 388 305 12 661 457 700 604 402 495 276 579 508 230 134 228 742 53 22 339 221 604 593 511 449 469 693 395 510 695 348 182 39 530 429 357 228 648 217 373 168 575 473 165 507 217 602 599 613 575 324 678 104 668 536 369 609 252 583 685 329 130 359 676 35 222 531 518 246 714 266 525 117 132 2 357 717 42 558 313 34 135 511 557 255 653 755 26 11 28 515 442 276 61 471 367 48 9 733 614 471 277 460 647 421 201 102 210 735 433 191 354 257 61 105 132 241 199 365 537 66 325 357 633 720 675 330 461 265 540 271 627 407 66 633 402 36 120 561 662 372 440 172 31 386 176 461 317 624 65 576 714 143 271 40 66 373 395 668 450 697 562 245 703 77
402 56 509 215 586 575 412 560 541 608 516 187 625 370 284 718 440 339 372 396 692 77 512 383 11 322 446 693 699 625 743 479 514 147 574 44 10 83 276 773 323 660 192 304 327 529 741 243 129 763 384 231 40 28 225 90 780 668 303 792 763 757 374 190 721 23 377 34 797 48 412 65 541 194 375 397 698 602 770 676 218 569 754 487 771 340 517 517 774 53 664 233 201 176 630 103 356 800 141 433 534 297 440 551 475 801 16 35 357 287 783 255 714 294 726 394 603 276 318 737 301 531 673 379 369 61 766 599 730 296 368 20 617 417 267 12 102 667 67 641 448 496 480 776 212 802 764 163 605 624 103 216 60 11 710 767 729 714 442 25 186 558 38 635 682 550 176 402 250 268 267 92 621 324 687 124 498 582 670 501 330 561 706 781 9 615 494 21 661 577 801 30 115 192 384 274 0 741 356 695 112 298 451 776 310 112 725 546 90 165 461 435 320 479 489 152 333 641 199 705 345 424 729 182 152 714 299 165 447 562 681 97 621 174 342 425 359 306 413 471 766 346 441 635 274 663 574 424 52 329 439 590 109 718 23 152 654 312 327 470 193 110 486 148 205 0 651 46 517 560 344 654 750 295 36 463 242 632 519 203 775 703 546 281 478 333 293 691 615 46 453 423 134 481 513 601 629 690 726 522 180 488 705 286 187 541 473 74 562 210 392 765 34 106 63 757 397 381 408 481 91 383 732 444 739 474 178 234 199 754 7 141 74 316 137 318 435 327 743 228 404 688 445 737 122 146 675 95 679 406 638 155 232 56 577 760 22 642 624 390 65 611 557 531 398 176 719 399 62 46 36 598 407 172 295 625 645 9 117 482 565 433 490 566 741 178 387 637 723 491 226 517 504 87 257 37 632 645 706 788 565 697 232 127
406 6 222 186 158 277 227 632 355 9 450 259 251 603 754 278 525 274 591 654 660 332 550 414 282 653 16 66 380 635 507 700 72 426 324 755 693 740 571 104 707 96 594 150 733 782 198 797 548 407 95 321 763 706 356 559 200 328 779 103 385 370 552 720 240 568 144 279 490 786 289 357 594 796 796 303 623 754 556 87 671 639 553 629 70 291 521 689 774 7 293 598 793 53 591 805 287 453 279 224 309 608 533 327 502 104 565 738 186 416 103 232 558 614 84 266 711 112 775 719 303 624 382 244 105 293 599 614 421 39 513 777 494 810 768 50 238 149 107 247 775 341 522 681 420 154 671 791 111 505 787 388 519 684 323 276 320 246 553 476 123 108 668 757 423 297 507 517 566 477 236 55 1 506 80 201 254 413 571 526 611 429 101 604 70 401 251 579 276 250 538 526 249 382 455 792 553 500 703 483 711 487 256 746 67 356 644 164 768 745 448 505 138 438 343 372 681 186 769 318 184 747 570 575 309 573 333 211 779 311 656 401 116 9 764 218 746 16 341 620 188 121 45 431 247 41 352 201 334 471 742 114 414 793 490 645 675 99 387 331 599 514 712 52 659 647 392 69 606 270 768 251 325 384 458 266 25 486 321 156 460 92 66 530 421 235 448 57 748 433 27 649 258 203 288 337 557 110 450 464 636 217 426 683 136 390 599 480 589 413 650 418 478 672 164 107 322 492 434 641 448 283 487 154 448 98 49 531 534 341 694 651 222 211 286 575 316 356 810 277 614 787 427 32 775 693 316 387 763 11 63 357 776 250 126 285 728 278 91 753 163 642 776 504 678 5 255 695 488 558 331 585 317 512 314 25 545 412 625 537 494 194 128 205 775 700 797 147 298 113 750 468 765 416 455 586 100 494 51 700 663 385 225 285 379 188 533 147
