57 5 3 9 6 10 5
18 8 15 16 8 3 12 7 2 14
46 9 17 1 12 8 10 16 6 9 14
56 9 11 16 5 17 18 13 10 15 9
81 9 16 5 8 2 17 3 9 10 11
77 12 8 2 23 24 3 18 11 15 6 22 9 19
52 12 20 24 21 13 12 2 14 4 7 8 17 5
36 12 13 23 8 1 24 12 16 3 10 7 20 6
46 13 19 16 25 10 2 24 18 14 8 15 21 12 23
80 15 12 16 6 22 15 1 17 14 9 27 4 20 24 7 10
90 17 28 24 3 23 20 8 10 30 32 4 21 9 13 14 29 22 31
96 17 22 10 20 21 24 17 5 7 6 32 25 1 14 18 28 11 16
61 18 25 26 12 30 19 36 10 15 1 11 27 21 29 28 22 3 6 9
69 18 35 3 27 5 20 8 33 21 28 13 18 6 14 11 30 23 15 4
118 18 1 22 28 16 21 24 10 19 6 14 34 29 11 2 12 9 26 31
78 20 40 7 37 8 32 19 21 30 1 9 16 17 10 5 6 18 38 34 27 28
126 21 35 2 40 15 22 31 24 20 25 23 27 18 26 3 1 17 7 19 16 8 32
110 22 10 12 43 40 18 25 27 4 3 1 35 15 16 13 44 41 6 8 31 21 36 26
100 22 44 28 2 1 13 34 12 25 33 22 39 42 24 40 43 5 4 11 38 35 21 10
98 25 4 12 3 29 38 13 39 9 6 23 26 1 31 17 50 33 45 48 40 28 43 32 25 36 5
251 27 41 3 27 43 36 38 37 31 1 11 8 26 21 51 33 22 46 48 32 14 23 16 5 19 7 12 17
77 29 51 53 45 43 52 16 28 14 12 21 42 35 31 6 20 23 9 27 49 29 8 22 13 54 50 55 4 44 11
274 29 46 26 28 29 18 39 50 58 40 20 16 56 57 23 30 36 6 24 7 34 8 37 5 42 41 38 13 35 10
97 30 45 35 21 23 3 46 56 33 34 5 1 9 29 57 26 15 30 49 7 38 53 42 59 24 20 28 10 13 6 40
61 31 32 21 54 27 45 33 14 1 38 42 7 18 36 39 44 59 28 15 5 47 30 48 16 56 51 12 19 10 46 29 34
167 31 11 24 34 55 33 14 7 32 56 31 37 36 28 50 53 29 4 49 58 42 46 44 9 10 39 57 51 61 15 40 60
166 32 36 1 46 51 31 40 53 44 43 28 60 2 26 62 20 42 32 19 50 18 54 27 38 13 35 7 57 17 22 30 47 4
106 35 30 15 36 25 50 2 65 67 5 55 22 34 28 59 11 4 1 13 45 42 62 37 6 48 51 33 61 44 66 56 23 46 8 38 43
464 35 70 30 60 8 7 56 10 5 48 2 43 40 59 41 19 51 4 37 68 44 65 28 53 66 39 35 16 47 38 20 32 54 58 50 22
132 35 40 33 49 46 69 32 25 14 47 56 19 52 26 7 42 70 68 28 63 9 50 39 16 59 5 3 22 15 30 62 8 10 12 64 41
235 36 23 68 36 62 21 32 4 29 5 35 15 18 33 65 27 60 10 44 26 16 1 54 24 72 42 38 63 11 57 43 41 14 2 47 17 45
153 36 34 24 71 3 56 42 25 60 45 9 59 39 6 30 57 49 48 20 64 16 31 40 19 1 26 50 58 5 23 29 69 33 37 13 8 53
94 37 10 18 64 9 30 45 31 63 68 16 59 1 29 47 36 24 12 17 73 20 58 74 43 60 52 34 69 66 8 26 38 53 33 2 28 50 61
248 39 64 14 72 50 52 34 56 57 61 24 27 53 6 47 17 70 20 44 67 39 42 46 10 59 1 69 49 30 12 55 19 4 73 28 66 35 74 11 41
284 40 5 37 15 35 71 3 70 9 59 64 57 54 29 75 49 13 20 16 43 48 68 19 21 14 22 79 18 58 72 38 41 23 2 52 62 44 24 11 76 4
306 41 63 22 62 3 20 36 13 39 72 18 43 2 37 65 15 48 1 45 32 61 25 73 81 44 69 35 70 26 60 59 75 19 66 76 23 33 16 9 77 12 6
93 41 62 13 67 27 53 25 19 60 82 18 57 79 11 12 51 75 46 48 59 42 52 58 23 40 9 81 6 68 17 22 76 72 7 30 70 71 37 41 28 77 80
339 44 61 5 14 73 63 1 15 40 12 16 30 72 56 32 58 59 11 9 2 88 51 78 26 36 69 77 20 48 46 29 18 75 27 55 66 67 31 41 49 70 6 57 54 50
406 44 13 78 43 64 56 17 24 6 21 57 9 69 86 68 74 70 66 15 2 47 29 52 76 71 8 85 65 67 19 75 53 22 28 84 39 1 87 44 5 30 77 72 62 41
221 46 29 82 67 36 58 17 62 64 30 91 80 31 42 35 63 14 45 23 44 10 71 87 47 16 24 32 6 76 25 54 51 27 40 81 90 56 12 69 4 55 70 86 78 37 65 46
541 47 7 90 68 71 12 38 81 9 66 52 13 62 60 50 31 46 8 75 78 74 44 35 58 72 33 83 2 19 65 51 73 42 34 57 27 25 92 30 15 54 23 17 94 56 89 11 47
298 51 52 21 38 27 35 86 18 59 16 60 83 76 11 68 81 34 4 78 51 85 71 82 69 22 50 40 61 2 33 23 43 72 62 29 46 9 28 17 37 100 13 91 63 92 55 47 48 90 80 44 6
270 51 95 33 78 79 63 77 46 28 7 55 17 42 48 75 24 102 76 29 62 4 50 5 3 51 74 32 93 81 88 59 70 69 43 56 82 71 65 96 15 6 27 85 18 64 2 36 35 45 22 34 58
432 52 77 80 94 101 64 65 68 88 51 4 3 104 82 5 22 63 21 27 29 44 40 71 46 1 78 52 79 61 55 34 30 66 48 56 13 73 6 49 8 50 81 45 98 18 28 69 90 36 20 57 89 91
338 53 91 70 15 69 68 62 101 3 36 49 4 8 57 47 89 61 86 9 76 83 98 13 21 104 19 78 24 6 87 29 58 32 40 39 53 59 97 11 34 77 60 93 90 92 106 99 75 50 103 23 67 38 14
252 55 39 1 76 86 87 44 107 55 4 26 3 62 60 71 75 25 89 92 54 12 27 56 29 104 13 28 74 17 97 93 48 110 68 20 88 58 2 102 8 53 19 9 34 57 52 72 100 77 65 109 41 35 83 103 11
257 56 47 62 101 65 49 34 45 52 57 43 26 53 13 72 4 99 80 6 112 28 31 79 5 36 33 54 25 27 29 74 21 19 86 87 9 91 44 81 67 76 2 102 30 66 71 83 8 10 14 107 32 48 58 42 39 78
157 56 71 81 98 85 66 38 77 47 27 65 1 15 82 45 4 49 31 72 34 86 52 19 92 63 7 20 75 3 14 40 80 84 69 42 53 89 51 39 57 37 102 46 33 83 61 23 18 62 54 13 95 9 16 88 101 25
413 56 89 88 91 18 85 12 9 69 46 76 10 40 81 104 7 90 11 92 45 66 65 6 1 32 29 75 19 31 33 14 2 30 102 103 71 8 42 25 96 26 4 62 44 73 17 51 28 27 48 97 83 47 41 21 43 111
316 58 81 79 111 47 70 112 6 56 30 60 11 72 61 113 16 53 101 58 4 45 8 28 22 71 73 110 86 14 66 31 83 94 100 89 98 107 85 44 84 12 69 1 102 55 43 59 3 51 10 96 25 99 103 80 75 82 76 2
104 58 34 31 100 15 59 85 46 4 10 83 19 44 7 9 13 65 47 71 29 50 42 52 1 28 105 33 6 66 113 14 79 103 27 64 92 90 72 5 80 43 96 81 106 97 55 22 75 107 68 37 98 56 87 12 102 21 20 49
125 58 96 45 59 77 108 52 38 8 20 79 97 82 30 39 42 87 102 74 78 28 116 23 50 93 60 89 65 35 27 76 67 34 2 22 90 10 57 26 95 13 64 17 111 107 73 94 51 69 103 5 66 75 91 83 99 62 14 12
369 59 110 27 53 26 88 113 23 20 7 73 76 42 79 18 97 107 51 12 33 34 29 99 5 32 66 30 77 81 86 24 71 36 70 114 101 96 21 57 14 103 68 111 92 16 47 95 118 2 43 109 65 13 55 40 45 10 22 105 39
436 64 86 30 39 109 93 47 77 24 105 19 91 69 113 57 36 106 51 79 13 125 18 48 80 32 128 38 68 25 67 52 78 101 7 50 118 124 88 97 29 119 102 100 107 45 31 33 46 70 83 126 127 96 41 111 22 2 49 42 117 84 3 58 110 26
168 64 85 112 99 57 124 67 108 117 20 18 90 62 103 113 93 76 71 80 87 53 6 73 81 28 44 75 83 14 29 51 114 40 27 82 105 98 126 39 122 106 41 49 4 22 60 43 50 107 78 110 9 55 30 35 86 109 102 2 61 70 115 1 63 120
348 65 71 17 84 95 11 80 68 54 62 85 64 36 21 23 73 128 41 9 119 70 37 123 18 82 120 109 60 114 51 69 61 125 44 8 30 40 58 5 93 106 115 67 81 116 126 28 91 112 66 3 22 15 74 102 31 65 14 39 118 103 49 45 47 105 32
206 66 4 31 98 84 91 55 24 14 111 5 39 45 78 43 9 104 125 67 122 11 53 123 103 82 72 63 37 40 93 20 23 57 49 64 28 26 88 80 69 12 56 46 96 101 25 18 81 29 109 76 1 51 33 121 61 108 65 102 17 15 107 68 47 3 119 116
171 67 3 14 4 71 6 57 37 10 29 134 55 113 33 94 130 80 119 9 5 123 62 98 7 92 110 50 21 51 93 76 133 120 24 23 48 81 89 16 27 99 36 84 75 44 122 63 64 79 127 118 45 65 28 25 46 83 129 59 128 124 20 58 22 15 54 2 18
538 68 80 8 25 84 38 54 70 127 46 73 94 34 130 58 28 135 10 99 112 86 4 32 105 15 111 57 60 83 107 119 98 52 82 113 64 67 85 18 2 120 6 90 35 124 92 51 49 13 96 88 126 132 16 3 39 33 136 59 22 125 78 12 122 102 72 117 89 56
305 70 19 86 80 8 33 123 50 82 106 35 71 17 125 5 74 102 114 73 109 91 4 93 126 122 75 68 85 54 9 46 111 112 103 127 34 13 67 56 39 140 40 36 128 132 62 110 124 66 115 63 20 95 18 2 65 14 79 98 100 119 52 97 138 49 89 29 101 129 55 1
517 71 88 96 130 39 36 50 118 102 141 107 30 114 112 98 74 18 43 99 110 85 106 87 29 68 28 97 25 81 42 139 48 27 136 65 37 34 3 52 54 140 89 72 100 126 26 21 14 108 19 58 95 10 13 47 128 83 116 9 134 121 86 49 117 69 73 104 15 75 5 71 84
662 72 97 121 99 137 17 5 63 66 67 25 115 140 52 132 49 57 51 98 138 43 2 113 83 76 26 18 112 31 64 59 126 72 105 101 116 134 133 111 80 11 127 13 85 87 109 33 32 108 139 89 9 21 54 14 50 135 3 69 53 122 10 88 95 124 55 19 44 110 68 90 94 96
264 74 60 19 118 63 92 30 66 96 124 68 47 105 121 11 3 44 112 33 70 80 9 76 138 26 77 2 16 144 54 31 87 129 123 122 134 75 51 27 82 14 116 39 91 94 71 135 23 79 56 132 139 117 78 148 107 50 22 108 99 126 57 106 25 147 34 37 61 10 115 21 143 43 125 84
363 77 150 49 130 141 149 85 139 122 148 52 134 18 108 152 98 36 29 9 97 58 40 91 107 154 59 5 96 64 19 22 23 27 7 100 1 33 45 84 41 38 114 16 30 26 137 11 6 76 61 111 145 3 128 62 136 66 60 21 56 72 57 88 77 125 4 50 144 124 105 43 110 78 101 13 73 142 93
470 77 41 124 132 154 131 15 149 11 27 62 142 47 26 65 40 108 73 30 68 84 153 28 121 103 19 148 128 98 110 127 133 75 2 77 52 9 6 59 49 136 23 88 130 32 12 114 152 93 80 107 123 22 117 106 101 16 67 94 105 70 33 5 99 50 31 102 64 66 120 134 86 150 82 46 39 129 76
434 77 74 103 127 141 31 24 98 88 42 61 81 57 23 90 146 48 3 135 5 142 134 151 93 36 46 18 10 150 136 96 28 55 41 22 60 137 4 99 102 64 97 9 33 78 63 34 21 58 145 47 129 86 70 35 87 54 16 66 143 101 75 26 30 104 84 82 8 95 121 80 112 132 124 144 6 1 50
850 78 71 152 12 110 70 107 87 16 111 127 128 112 7 26 46 74 61 135 154 77 42 117 65 2 120 129 121 50 21 25 44 54 83 105 119 39 37 94 108 99 3 38 27 140 48 75 40 59 145 76 118 20 95 98 122 81 35 126 130 6 148 36 149 123 109 51 134 147 22 63 32 86 156 144 66 47 56 57
338 78 129 13 92 135 38 59 47 144 8 19 25 27 105 12 68 91 141 70 127 120 46 60 139 16 90 138 155 6 3 106 115 112 36 10 103 101 44 52 75 69 114 1 145 65 107 154 63 93 98 17 20 56 73 72 133 48 116 54 95 79 132 111 26 117 62 41 81 88 134 124 40 18 125 140 130 85 14 22
438 80 51 106 104 9 103 160 24 46 150 158 19 66 17 151 12 145 81 127 68 43 40 129 126 59 25 44 137 153 105 86 64 125 52 20 5 95 58 113 93 122 132 37 31 112 124 2 94 8 41 15 116 96 121 28 97 48 33 27 56 119 11 159 65 1 72 102 74 82 57 18 154 109 49 14 88 77 16 157 55 101
281 80 112 32 137 110 13 69 90 148 124 156 93 102 132 20 123 76 6 71 98 79 56 153 133 145 142 74 36 3 66 140 22 75 135 77 96 68 33 84 42 101 10 60 157 63 151 61 100 25 91 114 50 136 104 160 2 45 41 143 58 24 51 116 89 81 149 95 21 57 38 107 117 15 130 120 52 83 23 159 115 5
537 82 100 6 91 98 148 152 146 111 22 30 164 55 57 36 134 20 74 25 75 48 103 19 45 21 114 119 143 78 79 93 147 26 130 108 18 107 3 142 9 145 1 89 71 133 11 70 155 83 96 97 13 161 128 35 31 113 29 46 43 158 157 72 88 49 102 160 90 101 17 51 47 99 58 56 16 66 44 106 138 124 53 125
251 82 49 26 164 154 127 131 9 85 121 33 82 163 69 67 32 45 13 62 20 6 88 101 149 25 160 151 71 94 1 76 51 27 72 37 100 137 107 15 112 95 117 91 140 128 108 79 115 54 80 97 136 41 70 99 81 148 4 153 8 161 142 53 92 10 102 145 17 93 55 124 39 119 86 118 56 78 114 18 130 113 43 143
560 84 49 44 40 36 97 109 70 37 96 25 59 122 151 54 120 10 81 92 131 6 46 148 66 76 156 43 159 88 143 9 133 117 73 72 158 19 114 28 93 162 65 95 168 63 7 11 33 60 57 8 18 163 118 34 141 75 161 145 98 78 61 104 58 53 140 89 132 77 134 51 115 3 64 160 150 23 121 68 69 38 2 113 164 91
647 84 26 36 19 21 23 46 166 106 144 72 25 122 11 58 28 155 91 108 7 129 51 161 30 159 15 66 5 109 48 59 136 138 133 8 44 90 158 104 37 40 117 18 139 119 142 164 134 88 80 116 74 33 52 84 29 65 111 163 85 160 61 9 43 124 32 95 135 121 81 147 89 140 151 54 69 86 102 76 153 82 92 38 56 6
732 85 4 55 163 2 20 98 3 58 79 138 128 146 133 15 21 117 30 150 89 110 57 137 129 78 59 23 84 73 39 109 136 62 121 9 124 42 27 92 165 158 87 45 10 148 152 35 169 22 63 88 101 141 13 132 14 68 56 93 118 11 127 164 48 85 66 29 5 86 65 134 33 61 18 159 77 37 160 94 28 131 52 99 46 60 44
692 85 161 157 73 85 134 38 68 166 77 4 83 121 8 27 53 20 10 55 146 31 98 43 138 115 24 74 101 33 125 75 7 139 99 22 100 152 160 117 93 169 155 80 1 5 162 103 46 37 51 102 148 57 13 120 6 49 21 50 87 45 109 62 153 112 150 140 106 129 76 126 23 127 63 44 18 26 58 34 111 54 164 128 15 141 131
528 85 24 78 155 97 27 126 2 12 4 96 41 68 50 105 158 53 145 160 58 15 135 42 167 6 128 142 91 37 92 18 152 52 123 69 153 23 102 157 124 34 76 86 100 57 89 31 47 59 101 25 119 30 103 156 75 65 130 144 21 83 140 11 146 118 139 149 163 61 56 49 5 108 85 13 122 116 43 115 113 141 132 48 35 33 117
299 87 67 153 136 123 115 77 66 100 52 174 135 126 81 169 90 132 65 15 29 68 164 122 130 85 42 99 105 140 35 144 1 62 45 7 152 60 10 131 89 157 27 79 61 72 22 18 53 19 69 88 25 63 116 129 41 127 57 118 75 58 24 168 148 159 6 36 39 51 50 13 87 49 111 173 139 119 80 109 9 161 16 73 21 38 64 46 108
391 87 121 24 17 27 126 107 32 149 132 78 85 111 21 79 15 110 62 158 97 42 47 91 18 101 13 87 2 22 76 81 134 125 54 167 67 28 135 92 71 36 30 45 105 72 35 148 25 34 116 40 100 165 31 64 150 95 137 162 77 11 119 48 29 90 174 66 144 96 69 154 168 94 39 49 153 86 6 113 9 1 124 160 120 114 83 128 16
305 88 66 145 134 85 153 166 127 69 22 95 55 129 121 93 124 99 115 28 109 104 84 141 51 73 122 102 50 174 6 3 140 15 116 168 76 23 120 159 111 67 29 63 40 1 176 167 53 113 10 38 131 8 117 41 172 157 26 72 92 152 77 144 150 71 151 5 16 86 62 35 81 130 42 163 7 125 70 101 147 123 17 155 13 90 88 58 156 138
263 89 15 2 92 172 166 158 90 24 100 75 107 74 102 66 99 47 169 119 150 161 80 139 104 34 112 142 17 95 131 98 29 82 159 146 57 135 43 115 41 171 65 48 10 27 126 37 63 42 50 26 62 121 36 45 174 8 129 3 93 101 70 173 78 68 118 97 109 7 177 127 69 9 157 155 113 132 59 145 89 30 11 22 116 61 53 111 4 20 168
399 89 64 172 23 14 9 65 178 125 86 69 153 146 72 130 51 149 38 141 137 84 132 44 24 4 15 85 164 59 11 32 105 151 129 62 122 37 120 121 27 161 123 99 18 93 158 35 94 170 108 134 79 155 167 76 48 22 96 61 175 66 95 83 117 147 41 52 26 12 81 39 116 168 135 148 145 29 107 3 17 124 5 126 128 36 2 133 16 13 28
279 89 18 43 58 167 34 146 3 132 142 148 15 161 29 27 168 152 57 84 104 135 102 26 130 120 45 150 80 126 174 42 71 20 37 166 52 16 22 49 73 118 171 111 55 7 41 134 99 56 105 60 35 61 113 17 94 54 123 8 96 127 63 172 24 72 64 143 2 31 88 112 93 1 6 131 147 53 10 109 128 145 32 13 65 5 139 151 169 137 86
160 90 85 117 125 50 170 78 88 6 122 157 161 110 60 71 43 74 28 33 140 66 58 154 9 151 3 163 7 57 45 25 164 171 126 101 40 105 130 18 12 176 98 19 95 89 93 20 159 107 44 79 178 22 174 119 35 2 106 67 168 62 111 84 13 142 144 115 59 153 72 49 152 135 173 175 48 133 4 90 141 129 169 143 127 139 1 99 10 15 21 83
421 90 87 76 79 64 145 140 137 77 103 52 159 61 117 170 152 8 81 154 25 98 83 135 12 97 27 41 28 58 72 26 92 17 1 35 125 45 150 3 43 162 55 106 40 57 38 93 89 50 10 75 173 47 100 161 5 148 85 147 20 174 39 115 74 160 96 172 32 167 53 138 118 78 101 16 114 155 180 144 164 94 102 30 24 151 157 60 171 104 68 59
822 90 58 49 159 26 33 116 81 146 51 68 45 10 119 21 34 114 104 141 156 16 61 149 24 83 90 117 136 131 36 56 105 12 127 157 175 151 86 180 107 64 94 148 124 17 103 142 167 134 140 66 98 138 143 53 145 112 6 170 25 113 101 60 70 76 118 125 7 147 154 126 102 115 95 71 89 163 97 73 162 152 40 84 155 173 48 67 85 75 15 91
276 91 92 135 74 40 84 99 173 55 139 39 105 19 155 71 3 152 97 29 175 56 163 61 20 38 179 112 73 45 131 42 146 113 170 18 64 1 108 15 132 114 89 157 182 79 86 177 75 125 180 153 78 24 154 145 77 35 130 143 87 27 54 10 134 156 13 33 127 25 65 49 50 140 16 31 83 148 67 168 66 90 69 68 59 43 98 17 91 46 72 169 5
384 91 63 176 78 89 42 113 140 112 149 71 61 99 167 34 111 122 118 163 40 32 53 54 58 127 74 27 72 33 55 2 81 169 44 148 26 144 36 128 79 8 96 103 114 158 116 5 23 20 101 126 179 153 68 177 150 145 70 43 161 152 107 155 132 129 73 41 146 51 110 117 136 175 133 123 168 164 67 80 172 171 66 83 60 93 45 4 98 13 37 57 15
618 92 173 2 113 19 115 1 92 20 125 44 71 170 139 40 50 167 68 89 117 61 38 5 54 123 104 55 114 39 90 168 144 164 128 175 58 12 138 11 160 9 153 87 169 63 88 21 37 10 79 183 99 151 36 85 143 120 81 62 109 106 75 53 86 146 134 112 124 14 176 161 145 24 76 140 149 184 80 171 166 64 132 111 163 32 29 27 13 83 110 116 23 101
358 92 97 124 42 129 132 158 110 177 67 100 173 22 104 56 31 39 87 98 161 184 164 60 89 130 36 99 147 29 92 44 59 14 35 10 169 45 138 108 175 16 9 122 17 77 151 145 3 21 30 155 120 118 148 8 96 167 12 154 141 183 47 54 1 19 78 70 2 5 34 163 88 176 57 86 65 82 41 116 33 55 134 125 156 136 84 146 4 90 172 119 64 123
368 94 117 69 62 130 63 40 73 175 46 19 146 43 184 68 82 172 106 153 57 144 178 148 176 101 127 55 137 95 136 81 133 181 70 147 77 8 50 156 18 114 186 78 65 115 132 160 109 173 34 30 67 179 7 171 28 1 129 125 131 139 16 20 94 88 119 103 121 4 162 61 164 145 41 140 22 5 74 174 60 110 39 51 120 123 79 151 14 154 97 86 122 58 116 13
644 95 100 102 87 32 166 47 139 186 43 169 52 53 59 25 143 140 54 84 160 175 58 179 162 107 190 13 123 127 92 105 22 173 26 163 74 170 48 73 178 60 67 180 101 76 78 135 83 97 121 39 3 183 40 82 124 11 20 153 167 132 88 62 120 46 118 159 75 18 188 116 157 164 98 115 64 9 128 50 145 15 81 93 4 66 44 79 41 154 152 23 49 106 187 119 156
273 96 153 43 99 13 156 32 48 4 44 40 166 151 82 100 93 14 124 128 108 33 17 50 37 138 46 134 66 75 3 16 131 90 169 144 20 102 6 2 22 152 24 118 28 140 103 130 172 129 76 147 107 64 141 186 36 117 25 19 54 174 77 85 98 60 164 183 47 179 137 104 97 157 114 52 132 73 11 21 121 8 136 92 180 113 115 176 135 51 91 7 27 12 65 173 111 59
347 96 144 186 8 27 2 68 135 118 165 99 112 139 15 190 32 62 113 124 153 160 143 51 154 130 191 111 148 183 178 137 18 98 78 56 64 7 108 82 14 80 45 127 136 114 173 138 169 10 42 182 60 167 103 102 166 94 116 48 16 129 88 39 11 75 179 3 101 25 84 29 141 23 1 176 40 161 41 66 172 89 81 26 181 140 36 122 19 49 5 12 168 79 180 150 55 4
168 98 108 83 179 41 10 44 23 130 95 178 137 107 191 182 20 184 43 39 115 121 172 67 163 65 143 7 88 24 76 66 135 132 72 93 16 180 37 2 106 40 190 34 25 98 124 166 86 80 73 148 177 99 13 141 170 145 129 169 94 149 28 21 105 181 164 116 151 104 161 160 4 27 112 126 120 18 186 155 32 158 45 15 118 114 123 147 29 12 3 146 187 196 159 61 173 36 113 38
861 99 157 111 115 117 44 59 161 159 131 148 166 87 155 180 35 18 152 195 144 25 41 129 167 197 141 168 28 107 105 12 9 134 90 48 179 112 63 57 98 19 170 133 91 149 156 184 164 174 26 142 151 3 46 78 113 139 109 125 47 49 177 178 123 185 183 20 100 104 84 67 51 175 181 192 75 33 7 169 189 89 60 188 102 50 5 120 96 24 116 145 74 163 88 71 146 38 16 8 119
378 99 166 107 159 32 158 153 88 38 136 126 115 161 3 119 27 162 42 52 137 74 34 58 190 102 157 174 61 30 84 47 177 113 10 56 6 118 171 138 71 167 2 130 7 108 8 117 176 175 131 33 191 122 149 68 31 22 75 35 17 81 105 1 163 160 144 124 62 95 65 28 41 51 73 112 187 21 172 92 66 168 145 146 59 44 128 79 25 97 98 184 183 16 180 142 94 24 152 106 39
621 100 89 68 155 85 80 51 102 41 139 9 148 172 162 160 186 52 77 165 122 36 64 75 115 154 95 62 15 152 117 93 151 125 175 86 118 130 161 190 48 54 192 66 179 67 71 105 116 25 32 28 16 63 157 60 65 84 103 29 76 21 24 149 147 144 106 42 132 37 74 33 2 3 44 12 69 56 189 57 164 136 129 174 30 108 176 169 87 143 40 171 26 50 23 13 141 97 46 91 31 39
643 102 57 66 91 125 157 80 168 100 8 63 27 35 74 62 134 103 43 118 143 48 138 42 99 188 153 94 77 101 182 124 71 115 174 159 196 191 3 55 107 185 166 150 175 172 154 61 155 64 183 50 105 39 129 127 177 82 204 29 119 186 22 181 13 184 1 70 160 30 14 132 98 120 33 200 130 108 139 163 193 142 123 104 16 56 137 19 178 79 113 171 133 189 45 25 97 58 51 199 126 149 152 110
982 103 121 32 45 191 27 147 174 178 202 93 141 22 12 192 44 176 36 177 128 2 190 17 60 47 75 94 70 126 39 120 15 20 115 65 87 82 125 175 206 165 198 148 83 118 41 158 95 194 9 72 134 168 133 200 42 164 107 8 136 91 154 90 181 122 55 111 124 149 53 137 28 80 132 81 156 113 92 153 187 5 56 78 186 143 172 151 162 204 138 86 63 129 140 31 185 155 51 130 18 142 33 79 182
