int 10 57 5 43 79 28 72 89 53 39 78
bool 10 0 1 1 1 1 1 1 0 1 0
int 11 12 42 34 13 15 80 53 81 9 1 56
double 11 5.87 1.7 8.2 2.49 2.51 8.66 5.56 6.47 0.53 2.48 4.97
char 12 s p n r q s g r l s o t
char 13 a n s d q k o a t m o j c
bool 13 1 1 0 0 0 1 1 0 1 0 1 0 1
bool 14 0 0 1 0 1 1 0 0 0 0 1 0 0 1
double 14 4.98 6.55 6.36 1.64 8.69 9.8 6.26 4.86 2.05 7.92 6.17 6.04 8.44 1.61
double 15 8.09 8.65 9 2.99 6.07 7.59 0.14 0.74 0.03 2.36 2.57 6.96 9.18 1.94 0.99
int 16 64 68 96 10 52 63 49 12 19 7 64 91 78 6 89 62
int 18 11 25 80 20 20 17 87 98 57 47 48 56 12 65 12 55 7 26
char 19 d r q c j s f j c p f t l b o o c g d
double 20 8.12 6.62 3.35 5.79 6.68 1.89 9.8 2.67 1.86 6.8 1.02 5.1 4.73 9.5 8.13 6.75 1.1 7.5 5.7 3.59
char 20 a e o p d j g f d r m b s e c l a g k d
char 21 t p k n k m i d b h i g s g h o k k s r g
bool 22 1 0 0 0 1 0 0 1 1 1 1 0 0 0 1 0 1 0 1 1 1 0
bool 24 0 0 1 0 0 1 0 1 1 1 1 1 0 1 1 1 1 1 1 1 0 0 1 1
bool 24 0 0 0 0 0 0 1 0 1 0 0 0 1 0 1 0 1 1 0 0 0 1 1 1
int 25 81 53 82 69 46 48 29 52 56 29 36 93 76 35 78 82 24 36 60 96 19 45 28 36 45
bool 25 1 0 1 1 1 0 1 0 1 0 0 0 0 0 1 1 1 0 1 1 0 1 0 1 1
char 26 m t t j l o e e l e l h b t r p g l l s c n s d d a
char 27 j q e p f s d d e g p k p h d m l e h q r l k d a t k
double 27 0.51 7.81 9.55 9.32 7.31 9.46 0.91 0.75 8.91 1.86 3.87 5.46 8.27 6.91 2.38 0.05 6.21 4.51 4.99 8.41 3.12 0.98 0.95 2.44 3.46 6.27 0.32
char 29 a t r c g d e h e h a r s a j c g b q h g r q g m k h a q
int 30 82 32 38 68 37 79 51 12 69 53 5 28 98 46 59 6 13 51 50 83 45 74 95 5 28 47 64 41 15 99
bool 31 0 0 0 1 0 0 1 1 0 0 0 0 0 0 0 0 1 1 1 0 1 0 1 1 1 1 1 1 1 1 1
int 33 8 34 95 67 92 60 63 93 52 23 26 5 62 19 33 61 41 56 24 42 20 49 26 23 5 99 69 68 29 20 3 18 44
bool 33 0 0 1 0 0 1 0 0 0 1 1 0 1 0 0 1 1 1 0 0 0 1 0 0 0 1 1 1 1 1 0 0 0
double 34 4.18 7.21 0.95 1.86 1.41 6.21 2.28 4.36 9.93 6.91 7.44 0.78 0.89 0.8 5.82 8.7 5.6 6.61 3.21 2.09 2.99 0.14 7.49 6.51 5.02 5.9 4.45 6.89 6.39 5.23 6.8 2.68 1.92 4.11
char 35 t g e c h i c r o e q h r l m k e r q c q q l j h c q s g l r a c a b
bool 37 1 1 1 1 1 1 1 0 1 0 0 0 0 1 0 0 1 1 0 0 0 1 0 1 1 0 1 1 0 1 1 0 0 1 0 1 0
int 39 15 65 82 15 46 4 89 4 60 69 42 82 59 88 14 92 6 9 21 51 67 94 33 69 30 96 87 66 39 75 17 9 30 37 21 52 64 92 12
double 40 6.5 8.47 4.38 5.81 4.19 3.55 3.88 9.88 9.29 5.38 3.86 6.2 8.16 1.69 6.35 6.51 6.13 5.62 7.31 7.19 5.76 5.69 4.36 7.19 9.18 6.12 5.69 2.47 5.28 3.09 6.88 0.18 8.72 9.09 2.96 5.3 8.14 8.06 7.06 6.72
int 41 66 81 65 89 22 76 73 57 30 88 66 34 79 9 71 27 56 76 31 61 57 40 14 7 23 45 58 92 97 85 34 67 1 3 82 61 72 25 4 38 61
char 42 r l t r h t k j k i g e e l j a s n n b c l k r o m l f d h s t r q c l h n c m o a
bool 43 0 1 1 0 1 0 0 1 0 1 0 1 1 0 0 1 1 0 1 0 1 1 1 1 1 0 0 1 1 1 0 0 1 0 1 0 0 0 0 1 0 1 0
bool 45 1 1 0 1 1 0 0 0 1 1 1 1 1 0 1 0 0 1 1 1 1 0 1 1 1 1 0 0 1 0 0 0 0 1 1 0 0 1 0 1 1 1 0 0 0
bool 46 0 0 1 1 0 1 1 1 0 1 0 0 0 0 0 1 1 1 1 0 0 0 1 0 0 0 1 1 0 0 1 1 0 0 0 0 0 1 0 1 0 0 1 1 0 1
char 46 i n i k b t m j f f n a o k i r g o o k j c j k f d l g n k i c p t l h a i c g j e f b p c
double 47 4.98 3.36 1.57 2.61 4.06 2.41 2.39 1.08 9.68 4.46 6.26 0.39 9.57 1.31 4.53 4.2 1.25 2.5 6.04 0.89 6.06 4.13 7.67 6.95 6 7.58 0.52 8.95 7.16 4.7 5.46 3.62 3.01 5.18 2.36 4.33 3.7 8.07 8.51 5.06 7.8 0.32 0.39 5.81 8.4 5.92 3.27
bool 47 0 1 1 0 0 0 0 0 1 0 0 0 0 0 1 0 1 0 0 1 0 0 1 0 0 0 1 1 0 0 0 0 0 0 1 0 1 1 1 1 0 1 1 1 0 0 1
char 48 h c o r f d d p i s r o r p e f h h d i g l r l l d n a b h e i j m j g h m j c o b j r j j m q
bool 50 1 0 0 1 0 1 0 1 0 1 1 0 0 0 0 1 1 0 0 1 1 1 0 1 0 0 1 0 0 0 1 1 1 1 1 0 0 0 0 0 0 1 1 0 1 0 1 0 0 0
double 53 2.32 5.06 3.94 7.24 4.79 2.94 2.2 8.7 1 4.65 9.35 8.49 7.02 6.84 9.89 5.77 5.62 7.87 3.43 5.17 5.15 2.73 2.54 1.8 6.96 4.65 5.5 2.76 4.28 3.73 0.68 1.09 7.41 4.32 6.76 1.72 5.58 2.91 9.68 9.14 0.8 3.22 1.88 1.27 9.34 7.35 4.25 8.7 9.3 2.06 3.45 7.09 9.54
int 55 54 35 42 38 75 56 59 25 30 38 10 85 31 53 32 51 73 10 5 57 94 52 89 68 21 70 20 56 93 51 16 81 27 59 32 80 78 84 2 36 97 98 78 67 83 83 87 33 91 63 53 28 64 41 69
int 55 58 92 9 77 25 58 96 65 71 72 66 76 83 28 2 45 13 71 94 90 93 85 36 46 51 95 60 15 86 65 41 22 33 71 59 93 50 74 3 9 23 79 48 47 92 70 61 51 95 58 33 89 85 47 36
bool 56 1 0 0 1 0 1 0 0 1 0 0 1 0 1 0 1 0 0 0 1 0 0 0 0 1 1 0 0 0 0 1 1 1 1 0 1 1 1 1 0 1 1 0 1 0 0 0 0 0 1 1 0 1 1 0 1
int 56 63 86 71 17 38 94 5 95 87 66 43 49 10 53 2 70 56 20 43 32 89 30 7 21 11 32 34 70 20 90 41 46 99 31 10 56 41 53 31 88 33 31 74 2 27 7 68 62 20 65 93 47 33 56 56 56
double 57 3.93 3.73 3.52 5.8 5.73 9.14 0.32 6.22 8.32 4.19 7.06 8.3 9.08 3.69 8.82 4.37 4.06 1.45 5.1 1.51 2.29 1.16 4.24 7.27 6.18 4.46 0.65 7.76 6.73 8.97 7.06 4.12 9.75 2.65 1.43 7.79 9.82 4.08 2.62 0.18 7.73 4.8 4.1 4.26 9.56 4.72 4.37 0.12 8.22 9.02 4.91 2.47 8.97 8.79 5.45 5.17 0.84
bool 58 0 0 1 0 1 1 1 0 0 1 1 1 0 1 1 0 0 1 1 0 1 0 0 0 0 1 1 0 0 0 0 0 0 0 1 1 1 1 0 0 0 1 0 0 0 1 1 1 1 0 0 0 1 0 0 1 0 0
int 59 38 34 68 9 78 84 30 68 7 70 96 88 30 84 33 9 22 46 40 2 43 27 68 62 36 92 5 31 52 86 16 16 66 93 77 99 41 22 43 56 45 2 41 25 23 90 81 66 62 10 67 11 25 95 77 45 81 2 70
char 59 k j r r l b e k q o k l j t r k n a b m l m s h e n e j q m h d r q s j t k l j g r h r g n f d b p h a d o r q a e s
int 60 7 78 2 3 3 55 74 53 66 16 49 14 54 81 33 7 81 89 77 67 83 89 69 74 56 83 62 2 97 26 90 86 50 44 20 64 24 76 19 63 93 93 28 19 75 79 81 76 28 16 33 45 19 37 94 57 64 45 59 8
bool 61 0 0 1 0 0 0 1 1 1 1 0 0 0 1 0 0 1 0 1 0 1 1 0 0 0 1 0 1 0 0 0 1 1 1 1 1 1 1 1 0 0 0 0 1 1 0 1 1 0 1 0 1 0 1 0 1 0 0 1 0 0
char 64 f b q c k o f e o p j s n n l s m q m q m a t t p s o e k s l h m r r d k p o d c h m n d o p l m f i p q s b r i a e k a e f b
int 66 87 59 44 99 1 99 74 96 4 74 82 53 97 92 78 98 12 76 81 7 72 10 89 14 7 5 59 61 94 81 94 44 2 79 90 81 13 18 31 47 43 13 54 24 13 94 17 4 9 55 72 1 5 6 62 67 34 24 97 30 6 29 62 70 93 52
bool 67 0 1 1 0 0 0 0 0 1 0 1 0 1 1 1 1 0 0 1 0 0 1 0 1 0 1 0 0 0 0 1 1 0 0 1 0 0 0 0 0 0 1 0 1 1 0 1 1 0 1 1 1 1 1 0 1 1 1 1 0 1 1 0 1 1 0 0
char 68 s j j c g p l i h c l h j k a r b t q m q g i o a h o c e n t n a t e q p i r t q h p s p n f m l m r g p s j d m b s i t a f a p o h t
bool 68 0 1 0 1 0 0 0 1 0 0 1 1 1 1 1 1 0 0 0 1 0 0 0 1 0 0 1 1 1 0 0 1 0 1 0 1 1 0 0 1 1 0 0 1 1 0 0 1 0 1 0 0 0 0 0 1 0 0 1 0 0 0 1 0 0 0 1 0
int 69 6 44 64 88 80 98 49 54 73 74 97 18 13 60 72 96 33 90 21 92 35 57 88 5 96 3 38 37 10 96 20 18 19 12 23 9 71 55 33 11 18 42 86 32 91 93 39 91 51 51 76 37 19 45 66 80 73 97 23 25 80 78 18 55 55 76 63 82 60
double 69 3.07 2.27 3.57 8.24 8.9 0.92 3.11 2.06 6.28 1.56 7.45 6.2 0.82 6.82 7.87 7.85 2.14 2.95 6.34 2.49 6.83 5.11 7.87 3.26 4.09 2.15 9.01 9.79 7.96 8.59 0.69 5.85 7.46 5.7 4.28 0.2 0.84 4.76 6.28 1.29 8.99 2.75 8.07 5.55 2.08 5.5 6.21 2.53 6.37 7.84 3.74 9.02 5.8 7.24 3.19 1.08 4.47 2.35 7.3 2.99 4.28 6.25 0.47 3.16 5.81 9.07 0.36 6.35 5.16
double 70 1.97 2.23 2.71 7.56 6.34 3.41 8.95 3.82 2.18 5.18 2.36 5.66 5.41 1.92 3.35 7.98 3.81 8.24 5.65 1.67 5.49 3.33 9.12 7.48 0.08 4.27 6.69 9.31 2.59 3.53 3.58 5.2 5.39 7.34 3.8 1.8 6.61 1.6 4.3 0.57 9.49 2.53 0.3 2.34 1.47 2.91 6.2 4.22 0.61 9.3 7.2 2.91 3.72 8.71 4.09 5.59 2.64 4.22 3.88 4.78 1.89 8.03 6.34 7.93 4.68 2.38 1.14 5.52 9.72 9.19
char 72 b p l h j a l k j n r m a q f r a h a r m d n g f l r c c q n p k r a n d c b e i j n h p o b a m e o e m q s t o r k a a t b f i f n d q f e b
int 75 15 34 20 62 82 65 33 49 5 21 99 54 32 21 82 88 75 41 9 95 39 44 55 29 87 16 61 10 82 12 40 72 38 72 85 53 54 68 86 64 40 7 44 60 29 23 86 30 18 65 63 73 77 69 63 94 25 78 22 51 45 8 45 62 31 49 6 24 40 59 1 42 8 96 91
double 78 0.04 8.82 6.72 5.87 4.98 3.3 6.51 5.98 2.33 8.69 5.96 6.26 4.91 3.94 9.41 2.89 1.49 7.15 3.43 0.74 4.59 2.35 7.13 2.5 3.23 4.07 7.58 7.02 2.57 8.79 8.21 1.68 2.01 7.08 4.89 0.07 8.91 8.74 1.96 4.48 8.04 8.64 3.4 5.06 7.42 5 8.86 3.17 5.78 3.25 7.69 2.99 6.41 3.79 3.02 0.03 0.34 2.79 1.93 9.99 2.15 0.81 6.4 8.91 3.98 8.79 0.71 7.81 3.08 1.76 9.66 9.99 4.4 0.92 1.89 3.85 9.31 1.03
bool 78 1 0 1 1 0 1 0 0 1 0 1 0 1 1 1 0 0 1 0 1 1 0 0 1 1 0 1 1 1 0 1 1 0 1 0 0 1 1 1 0 0 0 1 0 0 0 0 1 1 0 0 0 1 0 1 1 1 1 0 1 0 0 1 0 1 1 1 0 0 1 0 1 0 0 0 0 1 0
double 78 3.98 1.68 8.54 1.6 5.82 4.85 7.91 8.96 8.49 1.38 8.42 6.28 0.47 7 9.3 2.86 8.87 6.37 9.72 3.57 0.25 8.71 7.57 8.24 9.94 6.46 9.83 2.16 0.04 2.37 2.19 4.64 9.81 1.67 6.05 5.39 6.67 9.69 4.72 9.7 7.39 3.65 1.89 3.72 5.21 1.19 0.57 2.47 9.01 6.72 2.22 9.49 2.6 4.48 6.51 6.93 9.99 8.92 7.81 1.33 5.82 5.35 1.06 1.41 7.7 1.3 5.16 6.08 4.69 2.79 4.39 9.45 5.36 8.32 4.03 0.53 2.65 1.24
bool 79 1 0 1 0 0 0 0 1 0 0 0 0 0 1 1 0 0 0 1 0 1 1 0 0 0 0 0 0 1 1 0 0 0 0 0 0 1 1 0 1 0 1 1 1 1 1 0 0 1 1 1 1 0 1 0 0 1 1 0 1 1 1 1 0 1 1 0 0 1 0 1 1 1 0 1 0 0 1 0
char 79 i p k t c t a a k d d c s n g e q c p b j m t j s b p h a q o i s j t m n a d o o q t b f a n h h g l r e t e d t b e o l c m g e b q o a d d e q t h e n n n
bool 80 1 0 1 1 0 1 1 0 1 1 1 0 0 0 1 0 1 1 1 0 0 1 1 1 1 1 1 0 0 0 1 1 1 0 1 1 0 1 0 1 0 0 0 0 1 0 1 1 0 0 0 1 1 0 1 0 1 0 1 1 0 0 0 0 1 0 1 1 1 1 1 0 1 0 1 1 0 0 1 0
char 80 b m s h q n i p f g s k q t n b a g r d h e n p t a p b b r l i q l r d t f a l l k s n t i o h j j f d o c o g b o p i a e g i b h n h t r n h j r g b o d f r
double 81 2.95 1.73 2.52 9.93 4.26 4.3 8.41 8.01 3.65 5.79 6.65 4.39 3.24 6.49 7.47 4.68 2.15 6 9.39 8.12 9.81 0.59 7.13 5.4 5.93 7.27 6.12 2.53 4.5 1.18 1.63 4.37 4.8 4.43 1.1 4.05 7.19 8.54 1.01 7.55 5.83 4.06 8.57 5.32 6.69 8.43 4.96 5.69 3.6 3.92 8.12 2.25 9.84 8.31 1 0.57 0.45 5.63 8.55 0.89 6.91 2.02 1.58 6.55 2.03 3.41 0.95 1.79 2.55 2.6 4.46 7.99 2.43 3.67 2.69 5.71 0.27 9 6.61 1.49 2.92
double 85 8.62 3.17 7.61 5.31 1.1 2.16 4.66 2.79 2.5 5.27 3.58 7.41 4.19 8.6 6.18 6.8 8.93 7.61 8.36 6.42 0.88 3.66 1.93 8.08 7.02 1.45 0.4 6.57 8.32 7.34 2.72 5.15 5.66 2.84 7.4 9.12 0.24 5.07 9.43 0.24 7.68 3.71 8.49 7.42 3.72 3.06 7.57 0.83 3.09 1.45 9.74 1.21 4.66 0.64 4.03 3.61 4.04 4.11 8.39 6.03 5.18 7.27 8.02 3.44 2.94 2.47 1.67 1.12 6.9 7.28 2.58 6.98 1.89 0.37 7.43 1.63 2.81 3.1 0.78 1.12 3.44 9.73 3.88 6.61 9.6
double 85 2.57 0.65 0.97 8.84 0.27 4.45 9.8 1.61 2.52 7.16 1.26 2.5 8.08 6.82 1.39 7.03 3.89 1.57 4.33 7.85 8.84 1.42 7.68 6.48 1.18 0.52 9.88 4.33 3.09 5.77 0.93 7.55 3.78 3.57 6.14 1.34 1.88 9.57 8.16 4.92 4.07 3.01 5.7 1.79 2.95 8.56 7.71 6.46 8.54 2.09 9.04 3.77 4.92 8.74 0.98 9.61 0.02 0.94 5.44 1.33 9.13 6.73 1.68 1.81 4.18 6.12 5.54 7.33 0.19 0.08 0.95 1.18 7.9 0.9 5.56 7.45 1.53 7.77 5.63 7.97 8.34 7.08 9.05 9.36 7.18
bool 86 0 0 0 1 0 1 0 1 1 1 1 1 1 0 0 0 0 0 1 0 1 1 1 1 0 0 1 0 1 1 0 0 1 1 1 0 1 1 0 0 0 0 1 0 1 0 1 0 1 0 0 1 0 1 1 1 1 0 0 0 1 1 1 0 1 1 0 0 1 1 1 1 1 0 0 0 1 0 0 0 1 1 1 1 1 1
double 88 1.28 5.88 1.9 1.37 0.54 3.65 3.84 9.64 1.83 9.27 7.89 4.69 0.45 7.43 9.42 9.84 4.29 3.86 0.52 2.66 7.06 6.39 7.49 6.24 5.91 1.71 1.73 9.94 5.9 1.35 9.72 7.42 1.29 4.77 6.15 6.98 6.37 4.09 2.65 5.63 6.94 3.95 4.89 4.85 0.9 3.98 1.62 9.75 9.75 5.74 2.11 8.26 7.64 7.45 6.58 9.51 0.69 4.53 7.25 7.82 7.37 3.64 8.34 4.84 4.57 2.06 2.58 1.67 4.05 5.34 1.86 0.31 9.68 4.46 6.27 8.11 7.23 0.46 6.03 7.9 4.32 8.02 7.9 7.02 8.24 5.71 3.8 9.52
double 90 2.62 2.97 2.53 4.15 3.04 9.98 3.43 7.52 9.91 6.88 1.92 5.23 4.09 5.77 6.68 7.41 9.92 0.02 9.16 2.72 8.76 8.17 2.2 5.84 8.47 2.28 5.18 3.46 1.73 4.39 6.5 2.86 6.12 6.02 1.77 0.3 1.01 4.26 4.99 1.72 7.77 5.54 8.7 0.74 8.4 8.77 1.5 9.49 4.13 3.82 4.98 9.13 8.25 6.06 9.6 7.22 4.59 7.44 2.8 2.93 6.16 4.94 2.79 9.67 5.17 6.46 7.58 9.15 6.86 6.93 7.87 8.07 9.45 0.03 3.62 3.32 3.43 3.73 2.58 5.15 8.61 6.67 3.81 3.37 1.51 8.77 8.6 4.36 1.29 2.09
char 92 c m k l h f n h g j k t c o o m i s f f e l e a p a p d l g f b s p p p b p s k b p p q d e j b p p p a f q j f q n e g k r n h n b c s o n d c j i k k b m e o o t a q d r i d o j i h
int 95 63 71 47 6 4 47 20 9 37 68 91 31 8 51 99 52 5 35 73 65 49 63 39 97 25 70 29 85 21 43 97 48 59 46 62 98 74 86 73 1 29 27 27 72 32 52 18 65 40 1 23 70 68 33 53 61 75 10 4 62 21 7 42 86 80 61 87 30 98 11 81 74 20 45 34 15 85 6 49 70 24 8 76 70 19 13 92 87 1 29 1 15 94 12 40
char 95 e a k b k r r n n n t g t j n a f f j q g d c p g h c f k j e g o c i g j p e c c j s q j e d l c j a m g l t b h g c o o s f g l e e a s j f i s m c a l j e r r c s c e p l b m m l b c h o
bool 95 1 1 1 0 1 0 1 0 0 1 0 0 1 0 0 1 0 1 1 1 1 0 0 1 1 0 1 1 1 1 0 1 0 0 0 0 0 0 1 1 0 1 1 0 1 0 1 0 1 0 0 0 1 1 0 0 1 0 1 0 1 0 1 0 0 1 1 0 1 1 0 1 0 1 1 1 0 0 1 0 1 1 0 0 0 1 1 1 0 1 0 1 0 1 0
bool 95 1 0 1 1 0 1 0 1 0 1 1 0 1 0 0 1 1 0 1 0 0 0 0 0 1 1 0 1 1 1 1 1 1 1 0 1 0 1 0 0 1 1 0 0 0 0 1 1 1 1 1 1 1 1 0 0 1 0 1 1 0 0 1 1 0 0 1 0 0 1 0 1 1 0 0 0 1 0 0 0 0 0 0 0 1 0 1 1 1 1 0 1 1 0 0
double 96 5.49 5.17 7.68 6.52 8.76 4.58 8.1 4.24 1.98 0.72 6.01 1.36 1.16 3.19 7.32 5.45 3.65 8.28 4.27 3.81 3.42 8.78 7.53 8.43 5.33 1.17 6.45 0.66 2.86 4.32 4.02 4.41 5 8.36 4 0.54 8.06 6.34 4.77 3.03 7.53 4.65 4.39 1.87 7.44 3.09 0.31 4.59 9.94 7.16 4.6 1.87 5.48 3.08 4.6 7.69 7.16 6.75 3.75 7.31 1.12 1.52 4.32 8.85 5 5.59 0.29 3.29 6.09 4.14 6.44 4.87 4.58 2.55 1.27 6.18 0.05 4.79 1.87 3.62 1.06 7.32 8.05 3.07 4.38 7.95 6.48 0.96 8.9 8.78 8.72 2.1 7.09 5.86 9.47 1.11
char 97 c m m o r f b s a b n o p q q q e b k p a o s g k s b j m d q p l j q l t r m o n b g k f j p h e t h r p i g t b c g i n q b c e n s l a l b o m g g f r r k d g f h l o q q h j m l q a h o c m
bool 97 0 0 0 0 1 0 0 1 0 0 1 0 1 1 1 1 0 1 0 0 1 1 1 0 1 0 1 1 0 1 0 0 1 1 0 1 1 1 0 0 1 1 1 1 0 0 1 1 0 0 1 0 0 0 1 0 1 0 1 1 0 1 0 0 0 0 1 1 1 0 1 0 1 0 1 0 0 0 1 1 0 1 1 1 0 0 1 1 0 1 1 0 1 0 0 1 1
bool 97 1 0 1 1 0 0 1 1 1 1 1 0 1 1 1 0 0 1 0 1 1 1 1 0 0 1 1 0 0 0 0 1 0 1 0 0 0 0 1 1 1 1 1 0 1 1 0 1 0 1 1 0 0 1 1 0 0 1 1 1 0 1 0 1 1 1 0 1 0 0 1 1 1 1 0 1 0 1 1 1 0 1 1 1 0 0 0 1 1 0 1 0 1 1 1 1 1
char 98 c q c m d j g r l s k i d o a s l p j j l g n t b l l s o p i s l o n n r q b i s l k k d k m t o t f g r g n e a d d f b g q b l g g c b q q h o f g h d h s h e d j i n d j h m q o n i g g s o n
bool 98 0 1 0 1 1 0 0 0 0 0 1 1 1 0 0 1 0 1 0 0 0 0 0 0 1 1 1 1 0 1 0 0 1 1 1 0 0 0 0 1 0 0 0 1 0 1 1 1 1 1 1 1 0 1 1 1 1 0 1 1 1 0 0 1 1 1 1 1 0 0 1 1 1 1 1 0 0 0 0 0 0 0 0 1 0 1 0 1 1 1 1 1 1 0 1 1 1 1
int 99 40 60 93 48 83 88 45 78 52 53 53 58 58 60 54 78 12 72 45 47 56 54 45 84 57 65 12 19 10 93 30 78 99 65 67 19 87 67 82 30 85 30 28 96 88 85 79 17 67 88 42 93 49 29 70 20 56 64 34 17 10 78 58 88 91 4 82 80 41 27 25 82 61 30 73 63 16 64 54 69 24 77 47 77 72 37 27 10 59 92 80 60 13 45 31 62 99 52 52
bool 100 1 1 1 1 1 1 1 1 1 1 0 0 0 1 1 1 0 1 1 0 1 0 0 0 1 1 1 1 1 0 0 0 0 0 1 1 1 1 1 1 1 1 0 1 1 0 0 1 0 1 1 1 0 1 0 0 0 1 0 1 0 1 1 0 0 1 1 0 1 1 1 0 1 1 0 0 1 1 0 0 1 1 1 1 1 1 0 0 0 0 0 1 0 0 1 0 1 1 1 1
double 100 4.07 5.98 0.51 4.65 3.27 0.31 3.29 9.73 1.41 8.23 9.17 2.38 3.31 3.82 4.39 0.08 7.2 9.1 0.38 3.33 1.93 8.81 3.13 4.74 5.16 1.54 2.53 0.07 0.82 8.39 1.38 2.22 0.22 9.14 6.93 6.85 8.56 1.11 5.66 0.46 8.08 6.16 3.71 3.33 7.76 3.12 7.99 4.79 6.29 4.7 0.59 7.5 2.28 1.72 9.7 8.8 7.4 2.15 4.45 1.54 5.57 7.77 3.66 1.97 1.86 8.54 5.09 8.87 7.43 7.9 7.39 1.68 1.72 5.46 0.74 1.48 5.59 9.9 9.32 9.06 2.62 9.21 4.43 3.84 7.37 3 8.9 7.33 2.72 1.01 9.09 6.52 6.1 6.54 5.63 7.24 9.54 4.72 9.97 7.42
char 100 d o p e q a q d m f b s l g p g o o h d q j r t k h i g i o f c f e g k c r i e p f l d n t r r f p a g r d l o l h i e i q n b m n l s s t o t j c q i f q q b i h o r p t o c q n q t o e g j j c k q
int 102 84 94 37 83 7 31 52 59 26 76 24 67 81 15 90 92 8 22 19 31 23 47 65 52 72 24 19 87 8 27 70 27 77 50 38 46 42 26 6 50 46 52 62 2 91 48 82 48 39 50 30 2 47 53 85 66 98 74 59 85 85 24 18 27 21 20 7 35 72 70 36 90 25 31 77 88 16 86 59 32 54 25 56 66 88 78 12 74 36 58 57 62 67 48 86 17 78 26 11 89 65 78
char 102 g f p i m s e r p p m o t f o r m p r s k k j t r t m d g r c p k c q h a g o d o l p c h m r m c t s q f b i e s b j r c p o e k r q q j h c l f n d a r p k c a a g f t o g h d j r q c l h h t t l g q g
bool 103 0 1 1 0 1 1 1 0 0 1 1 0 0 0 0 0 0 0 0 1 0 1 1 0 1 1 1 0 0 0 0 0 1 1 1 0 0 0 0 0 0 1 0 1 0 1 0 0 0 1 1 1 0 1 0 1 0 0 1 0 1 1 1 1 0 1 1 0 0 0 1 1 0 0 0 1 1 0 0 0 1 0 1 1 0 1 0 0 1 0 1 1 0 1 1 0 1 1 1 0 0 0 1
bool 107 0 1 1 1 0 0 1 0 0 1 0 0 0 1 0 0 0 1 1 0 0 0 1 0 0 0 1 0 1 1 1 0 0 0 0 1 0 0 0 1 1 1 1 1 1 1 0 0 1 0 1 1 0 0 1 0 0 0 0 1 0 1 0 1 1 0 0 1 0 1 0 0 1 1 0 0 1 1 1 1 0 0 1 0 1 1 0 1 1 0 0 0 1 1 1 0 1 1 0 0 1 0 1 0 0 1 0
char 108 f n q m q e t c n n h j b m k s b f g d q n b o s h j p m m j a c q n j n o q n g d t e s e c e o g s s r k f d j i e k s f r b p k h k e p j g b g k m k e q p a h e j g p e m k j s f f k p n j g m c k s j b n p o i
int 108 89 50 37 59 71 41 42 6 80 6 99 11 90 66 39 87 38 90 7 17 84 66 60 43 89 49 93 88 59 8 60 47 4 93 6 29 26 31 75 42 13 3 83 42 66 74 94 28 47 31 59 48 7 17 73 34 76 24 66 23 69 77 71 73 87 19 4 49 53 28 16 21 6 90 97 42 19 27 22 37 80 15 7 84 43 42 98 14 16 6 34 43 24 95 62 34 46 31 45 29 61 21 5 98 63 46 4 52
int 109 1 24 25 91 40 4 44 67 97 37 62 81 58 44 84 89 46 67 21 5 85 69 76 96 50 10 56 81 93 18 27 92 41 61 11 22 41 2 31 84 18 10 56 80 49 53 35 33 61 96 58 21 32 60 99 40 85 23 3 38 65 16 56 20 29 70 11 5 63 97 29 64 2 77 88 71 41 62 77 70 94 7 29 32 63 60 26 50 92 10 41 80 39 17 4 76 23 3 44 7 62 23 64 54 90 22 99 63 77
