int 10 44 69 65 49 61 52 64 45 61 51
double 11 6.7 6.4 6.4 4.9 6.3 5.7 6.4 6.3 5.3 6.2 6.3
bool 11 1 1 0 1 1 1 0 1 1 0 0
bool 14 0 1 1 1 1 1 0 0 0 1 0 1 1 1
char 14 b f t l d s s t e d t f l h
bool 17 1 0 1 0 0 1 0 0 0 0 0 0 0 0 1 1 1
double 20 3 3.6 4.3 3.1 4.6 2.9 4 4.2 4.6 2.4 3.9 4.1 2.9 2.1 3.3 4.4 3.2 4.6 1.9 3.3
double 20 4.5 5.8 4.8 3.7 3.9 5.2 5.5 4.2 4.6 3.4 5.7 3.6 4.6 4 4.5 4 5.2 3.3 3.2 3.1
int 20 51 39 53 38 47 54 40 48 37 46 62 36 49 53 64 50 63 45 61 49
bool 20 0 0 0 1 1 0 1 1 1 1 1 0 1 0 1 1 1 1 0 0
bool 21 0 0 0 0 1 1 0 1 0 0 0 0 0 0 1 1 0 1 1 1 0
double 21 2.8 3.7 3.9 4.1 2.1 4.1 1.6 2.8 3.6 4.3 2.3 3.7 3.1 3.4 3.4 3 2 3.6 3.9 2.2 4
double 22 1.5 2.5 3.4 2 4.3 2.1 2.1 3.3 1.7 2.6 3.9 3.3 3.3 2.4 3.6 4.2 2.7 2 4 1.7 2.1 1.7
bool 23 0 1 0 1 0 1 0 1 1 1 1 1 1 0 1 0 1 1 1 1 1 1 0
int 25 49 53 56 45 64 50 53 54 64 58 58 48 68 61 63 59 45 41 61 60 49 43 56 62 66
double 25 1 3.1 3.1 3.4 1.9 3.1 2.6 1.6 1.1 3.4 3.2 3.5 2.4 1 2.4 0.7 2 2.7 2 3.3 1.5 2.3 0.7 0.9 2.4
int 27 50 76 73 75 65 77 55 55 71 78 78 68 66 65 59 75 70 65 77 65 69 62 60 69 63 77 76
char 27 a t p p f b d i e s f e p g g a d i k t a r t s r r k
char 29 r t t a t e r g b f m h c l t l a h l d s p k e t r m e q
double 29 5.6 5.9 4.4 4.6 4.9 4.2 4.3 3.3 4 3.8 3 5.9 5.5 3.7 5.9 4.3 4.3 4.3 4.2 3.4 3.3 4.3 3.5 4.1 4 3.9 4.3 4.8 3.7
bool 30 0 1 1 1 0 1 1 0 0 0 0 1 1 0 0 1 0 0 1 1 1 1 1 1 0 1 0 1 0 1
bool 31 0 0 1 0 0 0 1 0 0 0 1 1 1 1 1 1 1 1 1 1 1 0 1 0 0 1 1 0 1 1 1
char 32 p l n t r t t j a p p n o f c i b h h d e k s k l p g p f s e o
char 32 d e t l g i t m r m m a a b c q b n s n o r j t b p o t h h s g
char 32 d g t c i i b s i l c l p t d g r j h q k j j s j b j g a j s o
char 33 h d a n j q n b r c q i d j i g p q a s o b j d s g r o b b l c j
double 33 2.6 4.4 1.9 2.9 2.9 3.5 2.2 4.5 2.9 1.9 3.8 4.2 2 2 4.6 3.9 3 4.2 3.4 4.2 3.2 3 2.2 4 3.9 2 2.9 2.6 4.8 4.3 3.4 3.6 4.5
char 34 e s d b k r i l q o r n n m g o o g k m t j o l f j i g o c h s s m
char 34 h i e g j t l o n a q s m c e b r a f d d q o o c s j c g m e d b p
bool 36 1 1 1 0 0 1 1 0 1 1 0 1 1 1 1 1 1 0 0 0 0 1 0 1 0 1 1 1 1 1 0 0 1 0 0 1
char 37 a a r h t q i t l f o q l d j e d s g i q g c t j e t e a s a p r d i d l
double 38 6.1 7.2 7.6 5.4 5.9 7.6 7.5 6.2 6.8 6.3 4.9 6.4 6.2 7.5 5.6 4.9 7.2 7.5 5.5 6.3 6.7 5.3 6.6 7.7 7.3 5.2 7.2 6.9 5.2 5.7 7.3 7.7 5.3 7.7 4.9 5.7 5.4 6.6
bool 40 1 0 1 0 0 0 1 0 1 0 0 1 0 1 0 0 1 0 0 1 0 1 0 0 0 0 1 1 1 0 0 0 0 0 1 1 0 1 1 0
bool 40 1 1 1 0 0 0 0 1 1 1 0 0 0 0 0 1 1 1 0 0 0 0 0 1 0 0 0 1 0 1 0 1 1 1 1 1 1 0 0 0
bool 41 0 0 1 1 1 1 1 1 1 0 0 1 0 1 1 1 0 0 0 1 0 0 0 0 1 1 1 0 1 0 0 1 0 0 0 1 1 0 0 1 1
char 42 e j d h l a n m f f e c k s a f m i o k p e m a b m k m i q s o l h j d r e l i s n
double 43 2.9 3.5 5.3 3.6 5.5 3.3 5.3 4.6 4.3 5.3 5.1 4.3 2.8 3.5 4.6 2.8 5.4 5 4.4 5.3 3.2 3.9 3.4 3.9 4 2.7 3.3 3.8 4.4 5.4 3.8 5.6 3.9 3.7 3.2 4.6 4.3 4.2 4.1 3.8 5.2 3.1 3.8
bool 43 0 0 1 0 1 0 1 0 1 0 0 1 0 0 0 0 0 1 1 1 1 0 1 0 1 1 1 1 1 0 0 0 0 1 1 0 0 0 1 0 1 0 0
bool 46 1 0 0 1 0 0 1 0 0 0 1 1 0 1 1 0 0 0 1 1 1 0 0 1 1 0 1 0 0 0 1 1 0 0 1 1 1 0 1 0 0 1 0 0 0 0
double 46 4.5 6.4 3.8 4.7 4.1 5.4 6.5 3.9 4.9 4.9 6.4 3.7 5.9 6.3 6.4 4.5 4.2 3.9 6.5 5.5 6.5 5.8 5 5.3 6.5 6.3 3.6 6.1 4.3 3.6 4.5 4.9 5.2 4.4 5.8 6.3 3.7 6.4 5.7 4.8 5.7 6.4 5.6 6.2 5.4 4.3
int 47 61 60 49 50 53 66 71 57 58 57 68 68 58 72 76 50 70 49 78 54 71 78 52 66 49 78 70 53 67 78 71 52 60 56 74 68 78 74 70 61 67 53 71 57 64 75 71
char 49 l r j i o d n q j o l b t b j k b q r i r r l m m n q f a q h s m l d g p b e a r p r l c j t j l
bool 49 0 0 1 1 1 1 0 1 0 0 1 1 0 0 0 0 0 0 1 1 0 1 1 1 1 1 1 0 0 1 1 0 1 1 0 0 1 1 0 0 0 0 1 1 0 0 1 1 1
char 49 b i f e b h t j a t k q s k j m k d t n p b n n b r r a s k s r g a n s s j k l m g o o g f b k o
int 49 53 43 49 33 36 46 57 40 30 53 53 57 54 44 39 33 35 34 42 39 37 30 41 46 35 37 53 51 38 55 53 55 58 47 34 46 47 52 51 37 51 41 48 33 58 35 51 38 39
int 50 13 19 18 33 12 12 23 26 29 16 29 31 35 13 13 10 35 29 29 21 11 11 33 24 22 34 26 35 11 10 35 24 10 26 19 31 27 9 29 32 33 17 20 12 25 18 17 33 17 24
int 50 53 43 53 31 52 35 41 31 50 39 40 41 50 48 37 39 42 37 36 42 39 47 50 50 42 38 46 53 30 32 46 32 47 44 51 30 52 54 39 38 30 43 25 50 47 39 40 25 29 37
bool 53 1 0 1 1 0 0 0 1 0 0 0 0 1 1 0 0 1 0 1 0 1 0 1 1 1 1 1 1 1 0 0 1 0 1 0 1 1 1 1 0 0 0 1 0 1 0 1 0 0 0 0 0 0
char 54 r m i n q g a b k o a e n d o k e l m a r o a m h k p p g l d p k l g q a c d e p i g l j r h j k t n o b s
bool 54 0 0 0 0 1 1 0 0 1 1 1 1 0 0 1 1 0 1 0 0 1 1 0 1 0 1 1 1 1 0 0 0 1 0 1 1 0 1 0 0 0 1 0 0 0 1 1 0 0 1 1 1 1 0
int 54 36 55 44 36 43 50 48 39 52 58 59 43 63 50 35 51 64 62 35 54 58 42 47 56 61 48 39 40 43 59 60 35 45 49 38 57 53 52 58 62 49 41 58 63 46 49 36 57 54 35 64 60 42 37
double 55 4.9 6.7 5.4 4.4 4.9 6.9 4.2 5.6 5.6 6.4 5.7 5 6.1 6.3 4.4 6 4.3 6.1 6.6 5.6 4.3 6.3 6.6 4.4 6.6 7 4.3 6.5 6.4 6.8 6.7 6.5 5.4 5 5.3 4.7 4.6 6 5.4 5.2 4.5 6.1 4.4 6.9 5 5.9 5.7 4.5 6 6 4.6 5.8 5.3 5.3 4.9
bool 55 0 0 1 1 0 0 1 1 1 0 0 1 1 0 0 0 1 1 1 1 1 1 1 1 1 0 0 1 1 1 0 0 0 1 1 1 0 1 0 1 1 0 0 1 1 1 0 0 1 0 1 1 0 0 0
int 58 55 43 40 40 41 38 41 39 38 46 36 30 50 43 39 45 43 29 30 58 38 56 49 32 49 50 31 50 41 37 46 43 52 43 58 45 31 46 32 46 55 57 38 48 29 30 38 45 36 36 46 55 42 54 32 50 44 56
char 61 j c b p p e j j g s e a n d g m c g i g p c i t i t h h r l p c h g t q r g r m i p t i j c h m s g e f t b k i r q o i t
int 61 72 58 57 62 57 68 61 44 45 46 56 61 62 64 64 50 61 59 56 63 68 61 60 55 72 60 64 57 54 45 49 50 44 52 72 60 69 64 73 44 48 55 60 59 66 68 44 46 50 67 46 65 65 68 62 66 65 60 67 73 49
int 61 26 26 20 21 1 6 22 2 23 27 11 3 14 16 25 29 8 23 21 29 4 29 3 25 22 27 5 7 13 13 3 10 17 28 27 6 8 16 17 22 16 24 2 26 5 19 20 10 15 3 6 23 13 5 10 4 10 26 27 12 6
double 62 3.7 3 4.6 3.6 3.4 4.8 4.2 5 3.9 5.7 5.8 4 4.6 5.4 5.4 4.6 5.5 4.3 3.1 5.4 3.9 5.8 4.4 5.5 3.4 5.9 5.6 5.8 5.9 5 5.4 4.5 3.4 3.8 5.9 5.8 3.1 5.2 3.6 3.8 4.6 3.7 3 3.8 5.9 3.9 3.9 5.5 4.7 3.1 4.5 3.3 3.3 4.9 3.8 5.5 4.8 4.7 4.4 4 4.7 4.6
bool 62 1 0 0 0 1 1 0 1 0 1 0 0 1 0 1 0 0 0 1 0 1 1 1 1 0 1 1 1 0 1 0 1 0 0 0 1 1 0 1 1 1 1 1 1 1 0 1 1 1 0 0 0 1 1 0 0 0 1 0 0 1 1
bool 63 0 1 0 0 1 1 0 0 1 1 1 1 0 0 1 0 0 0 0 1 0 0 1 1 0 0 1 0 0 0 0 1 1 1 0 0 0 1 0 0 1 0 1 1 1 1 1 1 0 1 0 0 0 1 0 1 1 1 1 0 1 0 1
int 65 15 44 26 37 29 16 33 17 17 28 24 41 30 44 28 37 34 40 44 24 17 43 22 26 29 20 15 41 15 38 22 36 33 30 39 28 27 23 27 20 43 24 21 26 28 43 24 25 23 37 21 15 39 31 19 20 26 37 38 39 24 39 27 21 20
double 66 3.7 1.4 3.2 1.5 1.5 1.6 3 3.3 1.6 1.4 1.1 1.6 3.9 1.3 2.9 2.7 3.4 2.5 2.6 3.7 1.5 2 1.6 1.7 3.2 3.9 3.6 2 3 2.8 3.7 3.9 2.5 2.7 2.3 2.7 3.5 2.6 3 2.7 3.9 3.2 3.3 1.7 3.3 3.1 2.4 3.4 1.6 2.2 3.4 3.5 2.8 1.2 2 3.1 1.1 3.5 1.3 1.7 2.3 2.9 3.2 1.4 1.4 3.4
char 67 b p s p r r c b d c j s s f b c m q a a k a r k t r h j m n l l t h e t m c e q f h p t b e c s l d t g r t s a k f k a h f c b c p t
bool 68 1 1 0 1 0 1 1 0 1 1 1 0 1 0 1 1 0 1 0 1 1 0 0 0 1 0 0 1 0 0 0 1 1 0 1 1 0 1 1 1 1 1 1 1 1 1 1 0 1 0 0 1 1 0 0 0 0 1 1 1 1 0 0 1 0 0 0 1
bool 70 1 0 1 1 1 0 0 0 1 0 0 0 1 0 0 0 0 1 0 1 0 0 0 1 1 0 1 0 0 1 1 1 0 1 0 1 1 0 0 1 0 1 1 0 1 0 1 0 1 1 1 1 0 1 0 1 1 0 1 1 1 0 0 0 1 0 1 0 1 0
bool 72 1 1 0 1 0 1 1 1 0 0 0 1 1 0 1 0 1 0 1 1 0 1 1 1 0 0 0 1 1 0 1 0 1 1 0 1 0 0 1 1 1 1 0 1 0 0 0 0 0 0 0 0 1 0 1 0 0 0 1 1 1 0 1 1 1 0 1 0 1 1 0 1
int 73 8 29 28 1 21 25 25 29 13 21 5 29 16 21 10 7 5 23 28 9 2 20 8 6 6 14 14 20 30 3 10 7 1 28 5 9 1 9 26 20 19 22 28 29 17 29 14 8 2 9 3 29 8 28 13 28 13 14 11 10 2 14 13 25 6 4 4 1 16 6 22 1 18
bool 74 0 0 1 0 1 0 0 0 0 1 1 0 1 0 0 1 0 0 1 1 1 0 0 0 1 1 1 0 0 0 0 0 0 1 0 1 1 1 0 1 0 1 1 1 0 1 1 0 0 0 1 0 1 0 0 0 1 0 1 0 0 0 0 0 1 0 0 0 1 1 1 1 0 0
bool 75 1 0 1 0 0 1 1 0 1 0 1 0 1 1 0 0 1 1 1 0 0 0 0 0 0 0 1 0 1 0 0 0 0 1 1 0 1 1 1 1 1 1 0 1 0 0 1 0 1 1 0 0 0 0 1 0 1 1 0 0 1 1 1 1 1 1 1 1 0 0 0 1 0 0 1
int 77 47 67 68 56 73 46 69 59 66 59 60 56 59 52 45 71 64 44 52 70 51 54 58 64 72 68 48 62 73 52 51 47 63 55 71 53 49 51 58 59 59 59 48 46 50 58 59 44 67 69 61 53 67 73 49 71 53 71 63 63 67 57 50 45 69 57 47 56 64 57 66 48 50 69 54 46 50
bool 77 0 0 1 1 1 0 0 1 0 1 1 0 1 1 1 0 1 1 1 1 0 1 1 1 1 0 0 0 1 1 1 0 1 1 1 0 1 1 1 1 1 1 0 1 0 1 1 0 1 1 1 1 0 0 1 0 1 0 0 1 1 0 1 1 1 0 1 0 0 1 1 1 0 0 0 1 1
double 78 6.1 4.9 3.8 4.7 6.5 3.8 4.1 6.7 6.4 6.1 3.9 4.2 3.9 4 3.8 6.7 3.9 5.9 4 4.1 4.5 4.5 3.8 6.2 6.3 5.5 6.7 4.4 4.7 5.2 4.3 4.6 5.3 6.7 4 4.6 5.9 5.9 5.8 5.6 4 5 4.3 4.9 5.8 5.2 4.7 4.2 6.1 6.2 5 5.4 4.8 5 5.1 6.2 4.4 5.7 4.6 4 5 6.6 3.8 5.6 4.1 4.6 3.8 5.1 5.3 4.6 4.5 4.7 6.2 6.1 5.2 5.6 4.2 6
char 80 a c d h f m h n e s q c c m i m t c r n q h i a g q q b k h p k d i k r j c i q b b c l m l t s s m d c t g i o f k b f r b n p h g g r q c f m o t s d o e l o
int 81 32 50 36 55 56 36 49 54 49 48 51 41 51 42 49 52 56 38 38 30 32 31 40 38 44 36 47 45 46 50 51 47 50 55 39 47 47 44 57 41 52 28 34 50 49 32 36 53 54 49 34 34 36 57 57 40 41 56 52 51 51 39 57 47 51 36 56 30 45 42 44 28 50 36 42 51 43 43 48 44 36
char 81 f a g b c n k q p q r g m a n m b f k f t m m g g k r k l r r f k e j t f e c g a e h j c c k j c f n o k c g s l d j p s d p q m m s t i q r d g m d d o t s m e
int 82 32 31 20 32 28 38 37 24 15 23 40 30 34 41 40 17 40 21 27 37 26 26 18 30 28 33 21 20 19 37 43 35 43 37 28 35 22 15 17 25 25 37 22 34 17 39 33 39 20 14 17 27 34 40 17 35 28 39 43 16 24 35 35 38 26 15 38 27 16 41 35 26 30 21 27 14 35 31 26 34 43 37
double 85 6.2 6.4 6.4 5.8 5.5 5.3 6.9 4.4 4.5 5.1 5.3 5.4 4.8 5.6 4.8 5.8 6.1 5.5 6.4 4.9 4.3 5 6.2 6.8 5.4 5.9 5.9 5.8 6.5 4.5 6.8 4.4 5.4 4.6 6.2 4.8 7 5.1 4.2 6.6 6 6.6 4.3 6.5 4.9 5.6 5.8 6.6 5.4 4.3 5 4.8 5.5 6.3 7.1 7 4.7 5.5 5.3 6.3 6.4 6 4.6 4.8 5.3 5.4 5.8 5.4 5.4 4.2 5.3 5.8 5.7 4.2 5 6.7 6.8 5.6 5.1 6.6 5.8 5.8 5.1 6.4 5.3
char 85 g f r q b s h t s a n p j q p d a r d t p s i f q j t b c k j c o a c i t i t n k a c j f i e c r e e i h f a f i c q n p n i d r d o t i b o k h d a d q d c p n l g a p
int 86 30 36 35 53 44 33 39 50 31 50 35 28 28 46 39 50 28 34 44 42 49 39 35 39 47 53 45 32 32 35 50 48 52 37 50 33 50 40 47 55 55 51 39 44 27 44 32 36 49 53 53 40 31 43 53 54 55 30 50 43 45 55 41 31 55 42 33 54 43 54 49 55 32 48 28 56 40 45 34 32 28 39 28 29 55 35
int 87 31 11 10 23 10 22 22 13 9 27 28 35 31 26 23 23 28 7 29 35 34 31 21 19 13 23 17 14 11 7 21 29 35 19 33 9 8 35 34 25 21 24 9 33 31 25 14 27 27 34 17 34 11 17 11 21 23 19 22 34 27 26 17 13 32 14 26 16 19 15 28 8 10 8 22 9 13 17 16 29 23 32 16 33 22 17 28
int 87 51 39 27 50 48 49 49 35 28 45 44 34 36 26 33 30 42 42 29 51 43 47 28 31 36 32 52 23 51 48 26 46 38 43 42 37 27 30 23 42 45 24 49 45 24 44 43 29 51 27 52 35 33 35 43 37 47 31 49 48 42 44 51 28 45 37 30 32 30 26 36 45 25 27 50 32 45 38 31 37 45 24 34 46 47 52 52
double 89 7.3 6.1 4.8 6.6 6.1 5.5 6 7.3 7 6.8 7.3 5.6 6.5 4.9 6.8 6.3 5.3 7 6.5 6.9 5.4 5.3 5.8 5.7 6.1 7.3 5.3 7 6.9 4.6 5.3 6.8 7.3 6.6 7.2 6.5 5.8 5.2 5.1 6.6 5.3 5.3 4.6 5.5 6.5 4.7 7.1 5.6 5.2 4.9 5.9 5 5 6.4 7.5 6.2 6.5 5.2 5.2 7.5 5.6 5.8 5.3 6.3 5.5 5.9 7.1 7.4 5.9 7.4 4.9 6.5 5.5 4.8 6.9 5.9 6.8 4.7 6.3 6.5 5.4 4.9 6.4 6.3 6 4.6 5.7 7.1 7.4
double 90 5.1 6 6.6 5.1 4.5 4.9 3.9 5.1 5.3 5.5 5.9 4.6 3.8 4.4 5.4 5 6.6 5.7 5.5 4.5 5 6.6 6.3 5.1 4.5 4.5 6.4 3.9 4.4 3.9 6.3 6.6 6.5 5.3 6.3 6.3 5 3.9 6 4.7 5.1 6.1 4.1 5.9 6.6 5.7 5.4 6.4 5.1 5.9 4.7 6.1 6.3 5.7 6.5 6.4 4.1 5.6 5.7 6.1 6.3 6.3 4.3 6 6 4.4 4.7 5.3 5.3 5.5 5.1 4.7 5 6.3 6.7 6.7 5.9 4.3 4.3 6 6.7 3.9 6.6 5.3 6.4 6.7 4.9 6.7 3.8 4.2
double 93 1.7 4.2 2.8 3.6 3.4 2.2 2.8 4.5 4.2 1.7 3.1 4.1 4.1 2 4.2 2.3 2.5 4.4 3.7 4.1 2.2 3.3 2 3.7 4.1 4.2 3.2 3.3 3.4 1.7 3.1 2 2.7 2.9 2.5 3.4 1.8 2.4 3.4 4.1 2 3.3 3.7 4.3 2.8 2.7 4.1 3.2 4.3 2.9 4.1 3.2 3.7 2.1 3.6 2.6 3.3 3.8 4.1 3.7 4.1 2.7 3.9 4.2 2.1 3.7 1.8 3.5 3.1 1.7 3.7 1.9 2.3 2.2 1.7 3 1.6 3.2 1.6 3.9 4.5 2.7 3.9 2.1 2.1 2.9 4 2.9 1.7 1.9 2.7 4.5 3.8
bool 95 1 1 1 0 1 0 1 1 0 1 0 1 0 0 1 1 1 1 0 1 0 0 0 1 0 0 0 1 1 0 1 1 0 0 0 1 1 1 1 1 1 0 1 0 0 0 1 0 1 1 0 0 0 0 1 0 1 1 0 0 0 1 1 0 0 0 1 1 0 0 0 1 0 0 0 1 0 0 1 1 1 1 0 1 0 1 1 0 1 0 0 1 1 0 1
int 95 30 26 37 29 29 10 28 32 31 38 32 36 11 23 34 35 38 20 10 22 29 26 26 29 10 13 19 19 29 16 21 20 12 35 32 32 35 13 28 24 15 14 9 25 18 35 28 23 13 29 36 16 29 38 19 16 28 22 32 13 16 20 30 29 28 24 21 21 17 9 15 37 10 32 11 18 10 37 18 11 10 12 11 28 28 32 11 30 26 26 16 10 38 25 15
bool 97 1 1 1 1 0 0 0 1 1 1 0 1 0 1 1 0 1 0 0 1 0 0 0 0 1 0 1 0 1 0 1 0 0 0 0 0 0 1 0 0 1 1 1 1 0 1 1 0 1 1 0 1 0 0 0 1 1 1 0 1 1 0 0 0 0 1 1 0 0 1 0 1 1 1 1 1 1 0 1 0 0 0 0 1 0 0 0 1 1 0 0 0 0 1 1 0 0
int 97 7 20 14 27 23 19 8 15 11 8 9 24 10 3 19 20 22 19 19 28 5 7 8 25 25 25 5 9 8 7 25 15 31 10 17 15 32 30 6 29 16 27 28 20 5 31 16 23 16 9 31 16 4 27 13 31 11 6 10 10 20 28 5 11 3 10 14 7 29 13 18 20 14 32 11 6 10 10 29 3 6 11 32 23 18 32 15 11 18 5 15 5 26 31 26 7 16
int 98 46 39 52 27 43 28 48 51 33 24 52 37 48 25 52 42 29 35 48 40 27 34 31 39 37 27 41 30 29 45 27 31 31 27 50 44 46 36 25 48 40 48 32 40 29 40 27 28 46 24 26 23 44 25 26 47 47 25 45 52 42 36 48 34 31 50 26 31 44 52 39 46 25 28 33 38 23 45 30 24 31 41 33 39 36 38 31 34 47 52 30 48 40 31 26 33 41 44
int 100 36 56 41 33 44 34 53 36 53 49 47 51 30 49 40 31 57 46 50 48 53 55 44 31 34 47 46 47 57 50 30 38 35 43 37 54 33 57 29 35 47 52 49 29 54 52 37 55 48 35 37 47 54 54 56 43 47 42 40 38 29 38 42 51 45 56 55 52 45 36 55 30 51 42 53 44 53 35 49 45 32 31 54 30 37 50 35 34 55 33 53 46 42 45 38 36 38 49 46 57
int 100 39 49 45 51 38 33 57 39 53 42 58 53 43 49 45 36 43 60 57 51 37 45 56 35 45 44 37 49 58 49 42 38 47 38 57 60 58 37 40 37 47 61 52 46 58 42 54 60 60 60 44 32 43 36 56 57 41 52 60 59 55 38 55 57 52 33 45 54 33 34 38 42 37 46 38 61 59 47 56 53 36 33 44 42 46 32 55 38 54 53 56 35 51 40 56 46 58 44 41 38
char 101 m m m g q o l e e e k d i a c q s q n t l k m c h r a q m q c m e d p a e d r c f s j h l d t k b h n d o d p m j e b a l k e r h m j g a p r n j c e j i k i c r d e e o i r b d r f t j f r j k g h d j
bool 101 0 1 0 0 0 1 0 0 1 0 0 1 0 1 0 0 1 1 1 0 1 0 0 1 0 1 1 0 1 1 0 0 1 1 0 0 0 1 0 1 0 0 0 1 1 1 1 1 1 1 1 0 1 0 0 1 1 0 0 1 0 0 0 0 0 0 0 0 0 0 1 0 0 1 0 1 1 1 0 0 0 0 1 1 0 1 1 1 1 0 0 1 0 1 0 1 0 1 0 1 0
char 102 d s f s h e t t b l s c o r f p r c a o b h o p r r o g s d e g q t r j e t o b j e e i t c l n i h a r j l j l l g f j r m d h t a p g c d h j o p t d b g m k d s n r c n q i t t g m t l g q i n g e d m
int 103 63 58 78 49 64 61 74 51 50 52 76 70 60 70 74 49 73 50 61 76 69 62 55 67 65 63 49 71 54 67 62 64 54 51 58 57 55 74 78 49 53 57 63 64 63 58 66 75 59 53 63 66 49 68 75 68 64 72 58 78 56 77 51 52 73 53 61 70 69 55 62 52 59 77 54 68 66 71 57 59 63 55 72 49 67 53 77 60 76 49 77 71 78 49 72 54 74 50 60 62 67 69 70
double 106 2.5 5 2.9 3.2 3.6 2.5 4.1 3.5 4 3 2.8 5.3 2.8 4.1 3 3.9 4 3.1 3.2 4.6 2.6 4.2 3.9 4.5 4.4 3.3 2.8 3.5 4 4.4 3.3 3 5.2 3.4 3.5 4.7 3.5 3 3.8 3.8 5.2 3.5 4.4 4.8 4.4 4.3 4.3 2.8 2.6 4.2 3.4 3.8 4.4 3.6 3.2 2.6 3 4.6 5.3 3.2 4.1 2.9 3.4 3.6 2.4 4.4 3 4.3 3.8 5.3 2.6 2.5 4.1 5 5.2 4.1 5.3 4.9 4 5.1 3.1 2.6 4.2 4.9 3.4 3.8 2.6 3.9 4.5 4.1 4.5 4 2.4 4.7 4.7 5.1 4.7 4 2.4 2.9 3.7 4.6 4.4 3.2 3.4 4.8
int 108 52 53 75 52 75 62 68 53 77 63 51 73 53 65 57 67 56 49 54 52 58 77 53 69 67 54 66 50 54 69 66 59 73 74 68 55 70 65 59 51 69 53 55 64 49 56 73 58 65 64 53 51 59 78 67 74 54 49 74 72 68 65 71 61 69 77 78 50 62 54 73 57 77 74 49 69 77 53 59 54 68 49 78 50 74 70 55 71 75 60 54 70 49 50 60 55 76 69 74 50 76 51 72 56 71 59 50 55
int 108 29 22 28 26 38 38 50 42 37 50 32 35 33 21 46 23 43 50 22 24 36 27 28 43 44 38 38 25 22 23 29 49 46 45 50 42 46 44 34 40 21 34 27 38 30 35 27 29 41 38 23 45 29 27 32 40 39 40 30 26 41 37 33 24 43 33 40 21 42 44 24 22 31 29 34 28 36 39 47 32 25 39 50 33 46 30 46 44 30 38 46 31 23 50 36 50 48 42 48 22 21 39 21 35 37 29 24 41
bool 109 0 0 1 0 0 1 0 0 0 1 0 1 1 1 1 1 1 1 1 0 0 1 0 0 1 0 0 1 0 0 0 0 1 1 0 0 1 1 0 0 0 1 0 1 0 1 1 0 1 1 0 1 1 1 1 0 1 1 0 0 1 0 1 0 0 0 0 0 1 0 1 0 0 0 1 0 0 0 0 0 0 1 0 1 0 0 0 1 1 0 0 1 1 1 1 1 0 0 1 1 0 1 1 1 1 0 1 1 1
double 109 6.1 4.9 5.5 4.5 4.4 5.3 5 6.1 5.1 4.8 5.8 4.9 5.5 4.2 5.6 6.4 4.9 4.9 5.6 5.8 6.2 5.1 3.7 5.3 5.1 5.1 5 4.8 4 4.9 4.5 4.7 5 4.9 4.2 5.8 5.1 5.4 4.8 6.5 6.4 4.2 6.1 6 4.5 5.2 6.1 6.2 3.7 5.8 5.9 6.3 6 6.2 3.9 6.3 4.5 5.2 5.5 4.6 5.4 4.6 3.9 3.7 5.2 4.4 4.5 4.8 4.8 6.6 4.2 4.9 6 5.2 4.2 3.9 5.1 4.9 6.6 6.6 5.1 6.4 4.8 5.1 6 5.7 4 6.1 4.2 4.5 4.4 6.2 5.6 6.2 4.5 5.9 4.4 6.5 5.9 4.8 6.3 5.4 5.6 4.1 6.5 6.5 4.5 4.7 6.4
