bool 10 (1 1 0) (0 0 0) (0 1 1) (0 1 0) (0 1 1) (1 1 0) (0 1 1) (1 1 0) (1 1 0) (0 1 1)
bool 11 (1 0 1) (1 1 1) (1 0 0) (0 1 0) (1 1 1) (1 0 0) (0 1 1) (0 0 1) (1 1 0) (1 1 1) (1 0 0)
int 13 (63 70 98) (28 39 44) (64 28 43) (69 9 50) (17 20 34) (39 54 67) (52 8 55) (54 78 84) (37 55 34) (71 13 54) (11 97 73) (31 33 8) (3 51 17)
double 14 (1.35 2.34 1.79) (8.13 9.68 0.41) (6.3 5.46 7.13) (6.82 8.04 7.54) (4.04 6.9 4.98) (1.65 7.54 8.19) (4.46 9.26 8.58) (2.64 3.65 8.29) (8.66 1.72 4.82) (9.98 1.39 6.33) (9.15 3.97 4.22) (7.36 3.15 7.89) (7.07 0.35 9.48) (5.33 9.09 7.8)
double 15 (1.35 2.18 9.31) (4.45 0.29 3.85) (8.27 9.44 4.94) (4.23 9.08 9.19) (0.7 2.48 9.29) (4.75 1.68 3.94) (5.99 1.8 3.32) (5.39 7.05 0.25) (7.18 3 2.38) (9.05 3.22 4.51) (0.5 9.87 4.24) (0.09 2.41 3.48) (8.61 0.69 5.62) (8.96 0.52 2.4) (4.69 6.41 9.42)
bool 17 (0 1 1) (1 0 0) (1 0 1) (1 0 1) (0 1 0) (0 0 1) (1 0 1) (0 1 0) (0 1 1) (0 0 1) (1 0 1) (0 1 1) (1 0 0) (0 0 1) (0 1 1) (1 1 0) (0 0 0)
int 17 (88 35 37) (86 89 1) (41 36 97) (58 28 40) (20 21 22) (47 80 91) (89 44 18) (58 73 90) (77 69 16) (24 92 47) (15 59 31) (80 95 46) (63 17 78) (32 50 56) (9 45 49) (77 86 44) (27 14 46)
bool 17 (0 0 1) (1 0 1) (1 1 0) (0 0 1) (0 0 1) (0 1 1) (1 0 1) (0 0 1) (0 0 1) (1 1 0) (0 1 1) (0 0 0) (0 0 1) (1 0 0) (1 1 1) (0 1 1) (1 1 1)
char 19 (i l k) (e r t) (t a t) (e r g) (b f m) (h c l) (t l a) (h l d) (s p k) (e t r) (m e q) (f q l) (g m g) (a r e) (f h f) (m g l) (s o b) (j n l) (b g c)
double 20 (1.36 9.98 7.08) (0.09 8.02 3.48) (5.5 5.48 5.04) (4.39 8.03 7.75) (7.63 7.3 8.05) (8.56 7.81 8.98) (4.88 0.69 8.38) (4.96 6.49 6.25) (0.91 6.04 9.88) (5.16 3.57 9.73) (2.89 6.9 9.59) (6.19 6.59 6.58) (1.37 2.98 1.41) (6.5 1.2 0.54) (9.83 8.36 0.35) (1.3 0.1 9.97) (1.21 0.75 9.87) (0.75 3.22 0.96) (2.84 5.59 4.72) (1.62 1.37 5.36)
bool 20 (1 0 1) (1 1 0) (1 0 0) (1 1 1) (1 0 0) (0 0 1) (1 0 1) (1 0 0) (0 0 0) (0 1 1) (0 1 0) (0 0 1) (1 1 1) (1 1 0) (0 0 1) (1 0 0) (1 1 1) (1 0 0) (1 1 1) (0 1 1)
double 21 (6.92 7.52 3.98) (1.15 9.69 5.19) (5.42 9.8 8.67) (9.4 2.23 8.23) (4.45 3.91 9.44) (0.59 6.23 5.24) (6.83 0.61 1.29) (6.5 2.68 3.18) (3.94 5.19 6.52) (6.72 9.09 8.74) (4.82 8.23 8.49) (7.08 7.14 0.02) (2.7 1.73 8.51) (5.6 4.7 5.9) (9.16 9.76 6.99) (0.67 9.01 3.16) (3.05 3.9 1.01) (2.93 5.17 0.6) (9.02 8.15 3.93) (6.6 5.43 2.09) (4.19 8.16 6.81)
double 23 (4.8 4.31 6.3) (9.45 8.94 4.55) (6.68 0.36 3.94) (0.68 4.61 3.61) (3.58 7.29 4.09) (8.81 2.61 2.16) (9.68 2.82 0.5) (5.68 9.18 0.9) (1.01 4.72 4.4) (9.38 1.81 8.24) (3.82 9.1 8.41) (7.39 2.94 6.77) (1.74 9.7 4.56) (9.09 0.7 3.06) (7.27 6.32 1.08) (6.48 0.08 1.78) (3.72 0.05 9.7) (7.31 9.78 3.55) (7.1 1.82 1.78) (1.26 8.17 0.87) (2.03 1.62 7.33) (7.03 7.96 3.12) (4.95 6.35 0.2)
char 23 (l d j) (e d s) (g i q) (g c t) (j e t) (e a s) (a p r) (d i d) (l i j) (m l i) (r f h) (g l g) (g s i) (t t q) (r t n) (m a p) (a l j) (n r q) (o a i) (j m k) (p d d) (t q o) (b r c)
double 24 (8.48 8.6 3.18) (3.6 0.54 4.33) (6.55 2.81 8.69) (4.61 8.57 2.51) (3.64 3.03 8.83) (0.96 0.78 1.6) (2.86 9.58 0.61) (2.73 7.16 2.26) (3.88 6.72 3.58) (8.14 5.24 5.2) (8.68 5.63 6.41) (9.44 2.4 0.06) (7.44 2 4.91) (9.38 1.72 8.8) (1.78 8.28 9.26) (6.06 3.91 8.74) (8.09 6.91 1.88) (9.96 7.94 8.38) (5.03 4.63 5.4) (6.63 8.45 8.29) (0.98 7.66 8.59) (7.19 4.6 8.28) (0.15 0.67 8.43) (0.06 6.78 6.87)
double 24 (6.05 4.88 0.64) (6.21 8.7 4.08) (2.15 4.69 8.55) (3.57 7.38 9.31) (8.48 9.21 3.52) (0.19 7.13 6.65) (1.79 1.12 6.4) (1.82 3.08 4.9) (1.46 8.38 7.58) (7.13 3.79 9.91) (0.83 1.64 6.09) (8.97 2.31 0.63) (5.08 8.88 8.87) (1.74 3.92 6.77) (4.83 3.02 2.68) (0.56 6.21 7.4) (3.88 9.68 4.83) (3.27 9.29 5.1) (9.02 8.85 6.1) (8.81 7.83 2.35) (0.41 7.05 2.33) (8.64 1.28 7.49) (0.52 3.9 4.16) (5.62 2.82 0.3)
int 25 (79 93 62) (5 73 46) (24 33 24) (64 34 16) (29 16 62) (93 25 97) (40 47 28) (57 73 64) (23 71 46) (90 4 14) (70 74 99) (47 60 11) (75 35 95) (89 39 56) (47 95 14) (80 80 94) (76 37 62) (36 37 32) (15 65 73) (66 19 51) (87 14 80) (14 90 84) (19 18 79) (67 36 46) (13 1 50)
int 26 (45 98 50) (85 56 36) (40 98 26) (63 13 25) (57 24 55) (65 52 24) (78 22 7) (48 83 76) (39 15 65) (12 26 41) (71 38 30) (87 61 96) (13 57 4) (62 66 72) (29 22 11) (91 6 60) (31 4 78) (1 66 60) (27 80 55) (14 1 99) (25 15 41) (49 13 26) (51 32 1) (2 48 13) (25 22 64) (85 76 36)
bool 26 (0 1 1) (1 0 0) (0 0 0) (1 1 1) (0 0 1) (1 0 0) (0 1 1) (1 1 1) (0 1 1) (1 1 1) (0 0 0) (1 1 1) (0 0 1) (0 0 0) (1 0 1) (1 1 0) (0 1 1) (0 0 0) (0 1 0) (0 1 0) (1 1 0) (0 0 0) (1 0 1) (1 1 1) (1 1 0) (1 0 0)
int 27 (81 1 45) (38 74 62) (94 23 17) (79 18 68) (17 61 46) (23 56 90) (30 93 18) (39 15 99) (48 15 64) (52 57 6) (8 73 3) (27 79 18) (52 31 37) (51 40 55) (66 26 23) (50 67 95) (40 82 51) (63 31 75) (95 57 33) (37 46 89) (4 76 43) (85 84 4) (76 91 28) (38 66 64) (10 78 60) (26 21 8) (39 24 90)
int 28 (29 90 93) (46 14 60) (62 46 16) (57 2 73) (88 78 37) (71 83 25) (9 70 76) (50 93 42) (68 74 21) (29 20 85) (63 20 45) (56 5 60) (58 5 90) (82 40 30) (74 96 86) (68 36 44) (8 41 16) (19 24 96) (47 2 97) (54 98 66) (60 86 49) (17 62 88) (21 7 25) (95 69 11) (89 40 61) (6 37 62) (68 88 2) (36 67 18)
bool 28 (0 0 1) (1 0 1) (1 1 1) (0 1 1) (1 0 1) (0 1 1) (1 1 0) (0 1 1) (1 0 1) (1 0 1) (1 0 0) (0 1 1) (0 1 0) (1 0 0) (0 0 1) (0 1 1) (1 1 0) (1 0 0) (1 1 1) (0 0 1) (0 1 1) (1 0 1) (0 1 1) (0 1 0) (0 0 0) (1 0 1) (1 0 1) (0 1 1)
bool 29 (1 1 1) (0 1 0) (0 1 0) (1 0 1) (0 0 0) (1 1 1) (1 1 1) (0 1 1) (0 0 0) (0 0 1) (1 1 0) (1 0 0) (0 0 0) (0 1 1) (0 0 0) (0 0 0) (0 0 0) (1 1 0) (0 0 0) (1 0 0) (1 1 1) (1 0 0) (1 0 1) (1 0 1) (0 1 1) (0 0 0) (1 1 1) (0 1 1) (1 1 1)
bool 29 (0 0 1) (1 1 1) (0 1 1) (0 1 0) (1 0 1) (1 0 0) (0 0 1) (0 1 0) (0 0 0) (0 0 1) (1 0 1) (0 0 1) (1 1 1) (1 0 0) (1 0 1) (1 1 1) (1 1 1) (1 1 1) (1 1 1) (0 0 0) (1 0 0) (1 0 1) (0 1 0) (1 1 0) (1 0 1) (0 1 1) (0 0 1) (1 1 0) (0 0 1)
int 31 (98 27 57) (53 23 21) (96 3 63) (62 14 39) (39 46 47) (32 77 76) (87 46 12) (47 60 98) (7 40 37) (36 56 50) (13 8 9) (22 70 14) (41 70 89) (72 65 39) (59 69 13) (51 69 15) (11 45 72) (6 99 97) (38 8 58) (91 43 96) (17 41 45) (97 15 30) (46 76 21) (93 2 29) (9 77 22) (99 14 5) (40 18 91) (65 54 93) (61 66 64) (85 38 48) (96 85 69)
char 31 (h r n) (k f l) (g a s) (h s b) (i k g) (j j c) (c g t) (n c n) (m d s) (j p i) (g d f) (q s n) (i b p) (m e f) (c f p) (c o k) (l b b) (f p o) (j c m) (b o e) (e d e) (i o l) (n r f) (m t d) (c m n) (m f p) (n l b) (i k i) (l g p) (a q p) (c d f)
double 32 (3.79 7.52 8.43) (4.75 1.55 4.52) (8.2 7.91 3.62) (1.3 7.29 8.86) (8.52 1.92 4.25) (9.03 8.14 6.04) (3.2 5.9 8.06) (0.21 7.71 9.76) (7.88 4.99 5.66) (1.56 3.48 5.58) (3.88 4.35 6.12) (1.76 1.32 9.32) (5.74 8.47 1.55) (4.24 6.33 1.54) (9.41 4.51 1.44) (4.01 2.44 9.69) (6.12 2.67 9.34) (3.83 9.91 6.2) (2.76 5.3 4.22) (1.51 5.13 6.7) (8.82 8.19 7.94) (5.1 1.8 0.3) (2.54 2.22 8.62) (8.44 1.91 1.61) (4.87 7.43 4.41) (6.38 4.19 1.71) (8.88 2.49 5.52) (2.54 6.56 7.26) (2.43 4.08 9.19) (0.22 1.33 1.67) (5.84 4.37 2.34) (9.69 6.68 3.6)
int 32 (43 23 9) (3 30 66) (66 76 93) (56 49 58) (27 52 15) (99 22 76) (46 67 49) (20 14 78) (64 79 5) (28 39 78) (24 7 47) (43 22 74) (77 57 74) (41 3 6) (34 69 43) (68 38 86) (70 75 59) (3 58 38) (40 64 44) (65 77 23) (21 58 15) (77 11 74) (26 68 79) (42 65 35) (68 68 61) (65 53 50) (22 86 58) (7 76 7) (50 85 92) (15 75 18) (64 90 43) (17 2 4)
bool 33 (0 1 0) (0 0 1) (1 0 0) (1 1 0) (1 1 1) (0 1 0) (0 1 1) (1 0 1) (0 0 0) (0 1 1) (0 0 1) (1 1 1) (0 0 1) (1 0 1) (0 0 1) (1 0 1) (0 1 1) (1 1 0) (0 0 1) (0 1 1) (0 1 0) (0 0 1) (0 0 0) (1 1 0) (0 1 1) (1 1 0) (1 1 1) (0 1 1) (0 1 1) (0 1 1) (0 0 0) (1 0 0) (1 1 0)
bool 33 (1 0 0) (1 1 0) (0 0 1) (1 1 1) (1 1 1) (1 1 0) (0 1 1) (1 0 0) (0 1 1) (1 0 1) (0 1 1) (0 0 1) (1 1 0) (0 1 0) (1 1 0) (0 0 1) (0 1 1) (0 0 0) (0 1 0) (0 0 0) (1 0 1) (0 0 1) (0 1 1) (1 0 0) (0 0 0) (1 1 0) (0 0 0) (1 0 0) (0 0 0) (0 1 1) (1 0 0) (1 1 0) (1 0 1)
bool 36 (1 1 0) (1 1 0) (0 1 1) (0 0 0) (1 0 1) (1 1 1) (1 1 0) (0 1 0) (0 0 1) (1 1 1) (0 0 0) (1 0 0) (1 0 1) (0 1 1) (0 0 0) (1 0 1) (0 0 0) (1 1 1) (1 1 1) (1 1 0) (0 0 0) (1 1 0) (1 1 0) (1 0 1) (0 1 0) (1 0 0) (1 0 0) (0 1 0) (1 0 0) (1 0 0) (0 0 1) (0 1 0) (0 0 0) (0 1 0) (0 0 1) (1 0 1)
char 37 (n b t) (e t n) (p m r) (p h d) (d n a) (r i h) (q s g) (r c q) (o m q) (p t a) (k f n) (g n n) (p a e) (k q r) (c q r) (r p s) (l b o) (f g n) (n g t) (o n o) (n n i) (r b f) (f e s) (k e c) (t r l) (h m e) (a m t) (f q n) (t i g) (n o r) (q f n) (d t h) (d r a) (b b d) (p n l) (s t a) (m t q)
char 37 (i o t) (i p a) (b d q) (k j g) (i d d) (i b f) (j f i) (m m f) (c j o) (e g c) (k s r) (n i g) (e p h) (n n k) (b f q) (o d p) (g m m) (k c l) (q n c) (e r q) (h k t) (i e e) (q o o) (k c j) (i s d) (q n n) (i o i) (q m t) (n p c) (d r h) (o c h) (t s a) (n e b) (t s r) (r l r) (r a o) (a r b)
int 43 (62 27 2) (59 30 97) (70 21 41) (92 1 2) (4 67 15) (51 3 18) (93 85 77) (22 79 6) (13 30 25) (81 78 60) (67 31 59) (75 62 57) (47 98 61) (40 22 61) (57 35 27) (88 98 62) (60 29 23) (20 72 52) (25 6 47) (43 57 13) (94 89 15) (70 95 86) (61 17 81) (29 86 85) (8 46 20) (71 69 50) (23 89 71) (54 79 18) (71 9 1) (20 67 19) (80 79 86) (81 49 47) (24 85 11) (40 50 30) (22 50 21) (33 55 55) (50 46 88) (40 99 42) (11 29 52) (70 90 21) (86 75 47) (81 27 61) (14 72 86)
double 43 (8.32 8.67 4.58) (3.87 4.65 7.24) (7.24 1.68 4.65) (3.6 3.8 0.59) (4.13 1.44 1.15) (7.51 5.58 7.75) (7.44 7.12 1.32) (2.12 4.38 8.8) (9.27 4.78 1.29) (4.73 5.06 8.12) (2.93 5.66 2.4) (9.41 7.12 0.52) (3.68 4.66 7.17) (2.99 4.92 2.16) (2.53 7.82 7.29) (3.59 9.17 8.61) (3.41 8.1 2.9) (6.08 5.87 7.13) (0.1 8.2 7.39) (8.17 1.29 3.1) (4.07 4.74 6.96) (1.71 8.04 9.51) (8.06 1.37 8.44) (7.35 6.19 3.62) (2.67 4.17 5.34) (7.43 7.71 1.89) (5.3 0.57 4.57) (2.16 4.54 7) (0.81 7.29 2.24) (1.09 1.8 9) (6.92 2.99 4.66) (9.56 2.18 0.92) (1.48 9.74 8.02) (7.41 0.65 2.3) (9.87 3.45 8.63) (3.09 3.76 0.24) (7.22 6.6 7.9) (8.98 3.77 1.08) (4.82 3.59 5.6) (2.11 3.61 9.45) (6.04 9.61 0.44) (0.34 3.48 8.78) (5.18 8.5 1.05)
int 44 (16 89 59) (16 90 26) (17 17 84) (33 20 95) (29 24 18) (70 61 7) (52 53 63) (94 75 71) (86 73 52) (7 83 53) (5 5 53) (95 6 72) (98 71 22) (19 1 40) (50 32 49) (8 29 1) (22 45 16) (52 58 52) (15 58 34) (39 62 92) (58 59 98) (24 73 76) (43 26 26) (34 33 76) (69 87 91) (11 17 97) (40 65 21) (41 71 1) (93 58 99) (44 27 50) (31 96 67) (64 17 6) (90 80 80) (27 97 9) (22 16 72) (6 41 19) (37 26 20) (91 13 73) (47 46 58) (46 82 28) (89 72 97) (84 44 4) (47 26 22) (67 15 69)
bool 45 (1 0 0) (1 1 0) (0 1 0) (1 1 1) (1 1 0) (0 0 1) (1 0 1) (0 0 0) (1 0 1) (0 1 0) (0 1 1) (1 1 1) (0 0 0) (0 1 0) (0 1 1) (1 0 1) (0 1 0) (0 1 0) (0 0 1) (0 1 1) (0 0 1) (0 0 1) (1 0 0) (0 0 0) (1 0 1) (0 1 1) (0 1 0) (1 1 0) (0 1 1) (0 1 0) (1 1 1) (0 0 0) (1 0 1) (0 1 1) (1 0 0) (1 0 0) (1 0 1) (0 0 1) (1 0 0) (0 0 1) (0 1 1) (1 1 1) (0 1 1) (1 0 1) (1 1 1)
double 45 (9.3 2.58 1.6) (1.71 1.05 0.31) (0.09 7.32 9.02) (1.52 2.5 9.16) (1.47 8.37 6.41) (5.51 8.41 6.25) (8.13 9.73 5.87) (4.24 0.81 6.46) (6.94 9.01 8.71) (4.35 2.23 5.82) (5.27 2.18 7.81) (2.22 4.45 7.54) (0.51 7.91 0.83) (9.36 7.48 3.54) (6.5 5.5 9.52) (3.05 8.72 2.89) (7.03 9.1 7.68) (7.06 9.51 6.37) (3.07 9.79 8.63) (8.32 7.47 8.17) (2.12 8.68 2) (1.89 6.74 1.89) (9.21 1.17 1.72) (9.44 9.9 7.29) (8.9 5.09 9.55) (7.12 7.16 8.52) (1.48 3.44 2.04) (8.21 9.83 7.96) (7.86 5.19 1.27) (5.02 3.59 7.4) (4.92 8.59 3) (2.77 6 2.8) (9.15 3.21 0.59) (0.82 5.89 2.44) (4.56 0.49 2.59) (9.85 2.62 3.58) (0.31 7.29 6.29) (6.14 0.63 7.28) (9.48 0.79 9.98) (7.44 4.09 7.02) (0.43 1.29 5.15) (0.74 3.67 4.36) (8.08 8.79 6.83) (6.37 7.35 7.84) (5.73 9.76 3.88)
double 47 (0.32 6.52 5.76) (4.04 3.13 8.64) (9.83 0.15 8.64) (5.36 2.73 9.32) (0.92 4.65 3.8) (7.65 3.99 3.57) (2.49 5.76 2.9) (9.97 3.97 3.54) (3.5 8.8 5.83) (3.18 9.03 1.69) (6.02 8.55 8.17) (2.89 8.68 9.28) (1.79 0.54 7.89) (8.72 4.95 7.76) (2.45 1.69 2.52) (2.67 9.39 0.39) (9.63 0.16 1.09) (3.81 6.81 6.81) (1.94 9.99 5.95) (3.82 8.57 5.74) (2.06 9.73 4.78) (6.66 9.4 8.79) (3.16 4.19 0.83) (8.25 1.65 7.22) (9.54 9.26 1.58) (3.54 3.7 1.07) (2.01 9.06 1.66) (6.73 6.58 6.53) (3.86 2.05 0.57) (1.22 1.66 7.47) (7.91 1.08 2.18) (0.89 0.56 2.51) (2.05 8.69 5.76) (2.63 6.87 3.61) (0.27 0.74 9.01) (9.86 5.28 1.54) (9.66 2.41 2.79) (7.38 6.06 5.52) (1.8 0.34 1.99) (4.37 7.05 7.09) (8.19 2 7.65) (0.69 8.88 7.58) (3.65 0.27 3.39) (6.28 8.58 2.79) (2.12 8.14 9.15) (4.5 1.72 7.93) (5.8 6.71 7.58)
char 48 (m a k) (s m e) (l e k) (p r f) (q q t) (m s s) (h h k) (s g s) (f p j) (d o e) (h p i) (m t b) (p q k) (q l e) (p a t) (h l i) (t c l) (d k n) (g a j) (c k i) (h o p) (c j s) (o m s) (r s s) (b q b) (k n n) (n o l) (o s a) (k c o) (d m a) (q i j) (h i c) (n j c) (h l t) (j q j) (n e a) (g c l) (e s f) (g l q) (q i j) (j c n) (i e n) (n l j) (t d s) (i m h) (o g k) (m i e) (n p p)
int 48 (59 56 90) (26 66 68) (40 33 16) (57 46 68) (34 25 82) (97 69 49) (28 19 37) (63 85 11) (13 78 46) (66 13 90) (13 4 97) (56 73 27) (47 56 3) (83 9 66) (87 30 68) (84 78 77) (96 48 1) (62 40 25) (16 59 13) (46 56 47) (42 63 6) (17 20 55) (31 78 5) (60 46 72) (61 85 2) (68 6 58) (69 77 71) (17 27 69) (98 32 98) (90 48 82) (87 51 97) (90 71 3) (70 22 15) (59 74 92) (72 78 6) (83 86 58) (31 38 12) (73 20 42) (14 1 18) (84 62 97) (71 89 72) (81 22 17) (38 30 73) (40 94 83) (86 99 55) (59 8 61) (12 63 18) (36 90 34)
int 49 (75 65 40) (7 33 48) (3 23 24) (12 66 84) (20 29 9) (66 24 42) (72 91 47) (60 41 56) (6 89 81) (14 52 27) (42 74 90) (80 54 75) (87 84 45) (99 16 51) (11 76 66) (97 39 12) (46 92 70) (48 40 35) (23 12 62) (95 64 46) (60 11 88) (69 71 42) (45 83 95) (44 28 77) (20 18 44) (65 25 22) (72 11 8) (45 98 64) (19 53 73) (27 52 12) (53 66 26) (86 27 23) (45 63 6) (25 32 92) (17 47 51) (34 91 24) (9 11 64) (35 39 10) (56 39 43) (32 74 74) (22 43 51) (49 56 79) (51 51 5) (87 18 6) (31 31 53) (53 29 69) (54 99 27) (66 94 23) (70 65 80)
char 50 (p s d) (i e k) (j q j) (e t b) (r p j) (b o m) (o k g) (l o p) (h n t) (o q b) (i p l) (e k r) (h h m) (t d i) (c a o) (j m b) (i r m) (f s q) (l s j) (p t j) (a g q) (l r f) (m n h) (o k b) (h j d) (j q i) (e r e) (c c t) (f n j) (t d m) (j g p) (d m s) (t r p) (f b p) (p m l) (l f k) (p g c) (q l n) (b j s) (n p o) (m j o) (p m h) (g s q) (f t h) (n h n) (t r e) (c g q) (d q r) (d l r) (k k e)
char 51 (m h s) (n f q) (c l a) (c t t) (g a j) (e m l) (m d e) (t r s) (b l t) (p l m) (c p b) (e k l) (o h b) (g p p) (e r e) (g g r) (d l c) (j f k) (r h c) (l d t) (s p p) (n h r) (b i p) (b p d) (t d r) (d c j) (i j p) (s d r) (p j s) (b l i) (l i p) (b p f) (r n g) (s l a) (l r q) (s a k) (d j m) (m e m) (q d h) (b k n) (r g a) (h q b) (m r e) (o n t) (m e p) (d f k) (b d g) (m n f) (i p j) (t r i) (m d e)
bool 52 (1 0 1) (1 1 1) (0 1 1) (0 0 0) (1 1 1) (0 1 0) (1 1 0) (0 0 1) (1 1 1) (1 0 0) (0 0 0) (0 0 1) (0 0 1) (0 0 1) (0 1 1) (1 0 0) (1 1 1) (0 1 1) (0 1 1) (1 0 1) (1 1 0) (0 1 1) (1 0 0) (0 0 1) (1 1 0) (1 0 0) (1 1 0) (0 1 0) (1 0 1) (1 0 1) (0 1 1) (0 0 1) (1 0 1) (1 1 0) (1 0 0) (1 1 1) (0 0 1) (1 1 1) (0 0 1) (0 0 1) (1 0 1) (0 1 0) (1 0 1) (1 0 0) (0 0 1) (0 1 1) (0 0 0) (0 0 1) (1 0 0) (0 0 1) (0 0 1) (0 1 0)
int 55 (96 85 49) (86 39 32) (23 10 89) (44 65 69) (27 94 72) (16 51 40) (40 44 94) (63 65 14) (3 99 60) (45 55 91) (85 86 8) (90 78 49) (54 56 25) (81 65 37) (47 69 63) (30 55 28) (40 51 22) (41 80 97) (71 42 34) (2 18 85) (4 67 57) (23 2 40) (34 26 66) (13 4 24) (31 31 19) (37 48 75) (56 74 39) (85 53 66) (5 15 12) (93 74 48) (46 38 42) (7 46 74) (4 26 62) (73 58 52) (75 27 83) (31 11 73) (72 16 32) (58 27 82) (56 65 57) (76 66 1) (7 88 5) (35 64 84) (74 83 79) (12 19 55) (16 52 22) (70 17 21) (96 18 51) (39 23 87) (13 33 9) (17 11 93) (67 55 62) (79 25 27) (74 67 93) (80 51 37) (1 72 63)
int 56 (88 16 33) (86 11 24) (95 48 47) (34 26 3) (13 74 17) (13 43 23) (56 67 3) (70 89 28) (37 16 10) (60 61 4) (2 21 46) (79 1 9) (37 99 14) (5 52 10) (96 85 10) (7 45 19) (47 45 31) (39 67 75) (17 9 1) (99 81 34) (82 98 31) (57 23 23) (54 4 75) (63 32 78) (6 2 27) (24 93 70) (99 42 36) (59 44 4) (72 14 76) (72 15 6) (60 34 43) (78 48 67) (90 58 23) (28 52 26) (47 10 76) (41 9 24) (83 94 35) (90 21 59) (91 29 41) (78 9 95) (64 80 39) (55 87 41) (2 88 56) (34 66 94) (46 6 57) (72 69 89) (5 44 12) (70 91 2) (93 26 85) (50 93 92) (91 49 3) (17 33 24) (53 52 46) (98 96 68) (35 47 82) (11 2 90)
bool 58 (0 1 1) (1 1 1) (1 1 0) (1 1 1) (1 0 1) (1 1 0) (0 1 1) (1 1 1) (0 0 1) (1 1 1) (1 0 0) (0 0 0) (0 0 0) (1 0 1) (0 1 1) (1 1 1) (1 0 1) (1 1 1) (0 1 0) (1 0 0) (1 0 0) (1 0 1) (0 1 1) (0 0 1) (0 1 1) (0 1 0) (1 1 0) (1 1 0) (0 0 0) (0 1 1) (1 0 0) (1 1 1) (0 1 0) (0 0 1) (1 0 0) (0 1 1) (1 0 0) (1 1 0) (1 1 0) (0 1 0) (1 0 1) (1 1 0) (0 0 0) (0 0 1) (1 0 0) (0 1 0) (0 0 1) (1 0 1) (1 0 1) (1 1 0) (0 1 0) (1 0 0) (0 0 0) (1 1 0) (1 1 0) (0 1 1) (1 1 0) (0 1 1)
bool 59 (0 0 0) (1 1 0) (0 0 1) (0 1 1) (0 1 1) (1 1 1) (0 0 0) (0 1 0) (1 1 1) (1 0 1) (1 1 0) (0 1 0) (1 1 0) (0 0 0) (0 0 1) (1 1 1) (0 1 1) (1 1 1) (0 0 1) (1 0 0) (0 1 1) (0 0 1) (1 1 1) (1 0 1) (1 1 0) (0 1 0) (1 1 0) (1 0 0) (1 0 0) (0 1 0) (1 0 1) (1 1 1) (0 0 0) (1 1 1) (1 1 0) (1 0 0) (1 1 0) (1 1 0) (0 1 0) (0 1 0) (0 1 0) (0 0 1) (1 0 1) (1 1 0) (1 1 1) (0 1 1) (0 0 0) (1 1 1) (1 0 0) (0 0 1) (1 1 0) (1 1 1) (1 0 0) (1 1 0) (1 1 1) (1 1 1) (0 1 0) (0 1 1) (0 1 1)
int 59 (77 15 81) (53 4 19) (99 81 62) (24 49 69) (50 72 44) (49 87 21) (84 14 28) (28 42 84) (40 73 71) (20 33 28) (19 72 30) (16 10 53) (14 32 61) (55 63 9) (26 58 8) (21 9 98) (81 19 4) (4 90 96) (10 68 47) (41 81 93) (92 5 26) (41 75 98) (86 64 80) (52 54 40) (39 47 16) (73 93 79) (53 51 99) (63 39 96) (47 18 45) (69 96 66) (72 48 87) (79 33 98) (41 59 55) (36 54 63) (88 55 98) (3 44 53) (82 67 81) (70 21 37) (61 49 48) (99 89 99) (38 16 80) (37 81 71) (70 67 87) (96 74 79) (29 41 89) (8 74 54) (96 82 41) (86 67 65) (3 58 43) (65 76 73) (70 80 88) (29 50 44) (48 53 81) (91 72 74) (15 75 41) (52 22 92) (30 4 62) (45 14 64) (70 57 76)
double 62 (4.56 8.96 9.51) (4.21 9.82 6.95) (1.7 8.31 9.3) (1.35 0.91 1.29) (3.18 5.27 1.86) (1.23 6.37 2.46) (5.96 8.21 8.51) (0.84 1.66 6.65) (0.87 6.66 1.45) (0.81 5.13 3.58) (8.12 0.06 8.67) (9.12 3.81 9.08) (2.02 7.12 2.43) (0.07 2 9.84) (7.2 3 7.01) (9.9 0.93 3.29) (4.44 1.44 8) (8.96 0.13 8.12) (5.97 2.59 0.23) (6.53 6.63 1.77) (9.88 9.52 6.84) (3.13 6.35 2.08) (4.74 0.87 7.93) (1.11 9.56 5.98) (8.13 9.83 2.09) (9.9 3.33 9.5) (7.87 5.66 2.5) (3.78 3.59 6.13) (2.08 6.72 1.67) (7.79 4.45 5.05) (6.5 9.91 1.16) (3.53 1.41 2.74) (0.14 1.64 2.24) (9.39 8.28 1.79) (3.41 7.63 1.51) (8.34 1.14 0.83) (6.88 9.48 5.65) (6.53 0.51 5.33) (9.04 2.78 4.93) (8.23 3.79 7.11) (5.31 3.44 2.54) (4.06 7.44 7.99) (7.77 1.77 4.88) (6.42 4.97 7.71) (8.29 3 4.08) (8.53 1.75 8.81) (8.92 0.52 4.19) (7.8 3.83 4.14) (7.5 8.82 7.38) (9.15 3.4 4.63) (3.4 6.99 2.26) (1.79 9.52 7.82) (0.97 6.33 9.93) (7.2 7.13 4.43) (8.43 4.64 0.67) (9.63 5.79 9.69) (9.83 5.33 6.45) (6.09 4.63 7.44) (3.47 5.23 2.78) (7.24 9.12 5.7) (6.81 3.56 0.35) (7.24 7.21 9.34)
double 62 (5.25 6.67 6.47) (3.22 8.34 2.22) (7.25 4.66 3.8) (9.7 0.27 7.7) (1.17 5.11 8.57) (2.19 3.97 8.73) (2.16 3.59 6.83) (3.73 5.88 7.76) (9.98 4.59 1.21) (6.35 2.59 7.48) (3.4 2.31 4.2) (6.55 0.64 3.51) (5.5 9.57 3.21) (2.62 8.67 4.15) (1.84 0.06 9.27) (7.77 7.51 0.88) (3.38 8.74 1.33) (0.75 8.7 3.52) (6.77 6.64 4.58) (3.69 0.16 3.09) (0.25 2.11 3.03) (1.47 9.83 7.08) (6.85 8.12 4.88) (9.28 2.08 8.93) (5.84 6.4 2.02) (7.37 6.54 6.72) (5.56 3.09 5.41) (1.17 7.79 1.43) (2.41 6.24 5.97) (8.29 3.99 1.18) (2.23 7.54 2.96) (8.34 7.81 1.32) (1.68 3.16 0.99) (1.13 1.25 5.4) (8.44 5.8 5.27) (5.84 5.44 1.76) (2.51 5.76 5.81) (4.32 1.92 7.65) (2.25 6.45 0.56) (8.8 0.16 5.65) (3.4 4.89 7.52) (2.06 1.33 4.15) (3.52 5.57 5.03) (8.45 4.11 0.1) (2.78 9.79 8.93) (3.56 2.41 6.98) (1.98 9.96 3.25) (3.11 0.85 7.09) (1.92 8.78 0.63) (6.58 8.74 1.43) (8.34 6.29 9.83) (5.89 3.34 7.41) (2.92 9.74 0.84) (0.36 4.99 6.38) (4.93 3.78 0.26) (6.49 2.9 1.26) (7.6 0.49 3.83) (9.82 6.31 0.18) (7.21 1.11 5.51) (5.16 9.65 0.05) (0.06 3.35 2.24) (5.8 4.35 4.27)
int 63 (76 91 74) (50 51 61) (42 96 71) (81 3 54) (38 64 98) (29 88 94) (71 35 75) (90 14 58) (10 61 26) (73 67 53) (7 86 12) (35 81 19) (50 81 52) (68 57 35) (68 38 1) (99 41 12) (53 68 15) (52 69 86) (71 7 78) (14 29 32) (36 62 91) (87 2 35) (25 34 50) (63 36 18) (58 88 8) (90 67 52) (93 62 86) (7 30 84) (23 74 41) (35 37 66) (12 31 38) (6 25 5) (75 75 64) (35 82 23) (50 68 63) (66 34 47) (5 92 46) (83 18 82) (32 16 77) (46 93 92) (53 69 33) (75 10 7) (58 86 11) (38 23 98) (39 1 8) (63 24 71) (68 72 3) (37 77 60) (9 19 73) (60 54 17) (52 16 89) (33 85 93) (52 44 89) (92 90 22) (43 89 50) (37 59 71) (41 42 6) (80 6 99) (11 90 66) (39 87 38) (90 7 17) (84 66 60) (43 89 49)
bool 67 (1 1 1) (0 0 1) (0 0 0) (1 0 1) (1 0 1) (0 1 0) (1 0 1) (0 1 0) (0 0 0) (0 0 1) (1 1 1) (1 1 0) (0 1 1) (0 1 0) (0 0 1) (0 1 0) (0 0 0) (0 0 0) (1 1 1) (0 0 0) (1 0 0) (0 0 0) (1 1 1) (1 0 0) (1 1 0) (1 0 1) (1 0 1) (1 1 1) (0 1 1) (1 1 0) (1 1 0) (1 0 1) (1 1 1) (1 1 0) (0 0 0) (0 1 1) (0 0 1) (1 0 1) (1 1 0) (1 1 1) (1 1 0) (0 1 0) (0 1 1) (0 0 1) (0 1 0) (1 0 1) (1 0 0) (1 0 1) (0 0 0) (0 1 1) (1 0 1) (1 0 1) (1 1 0) (0 1 1) (1 0 1) (0 1 0) (1 0 1) (0 0 1) (0 1 0) (1 0 1) (0 1 1) (0 0 0) (0 0 1) (1 1 0) (1 1 1) (1 0 0) (1 1 1)
bool 67 (1 1 1) (1 1 0) (0 1 1) (1 0 1) (0 1 1) (1 0 0) (0 1 1) (0 1 0) (1 1 0) (0 1 1) (0 1 0) (0 0 0) (1 0 0) (1 0 0) (0 0 0) (0 0 0) (1 1 1) (0 0 1) (0 1 1) (0 1 1) (0 0 1) (0 0 0) (1 0 0) (1 0 0) (1 0 1) (0 1 1) (0 0 1) (0 1 1) (1 1 0) (1 1 1) (0 1 0) (1 1 0) (0 1 1) (1 1 1) (1 1 1) (1 1 1) (0 0 1) (1 1 0) (1 0 0) (1 0 1) (0 0 0) (0 1 0) (0 1 0) (1 0 1) (0 1 0) (0 0 0) (1 0 1) (1 1 1) (0 0 0) (1 1 1) (0 1 1) (0 0 1) (1 0 1) (0 0 0) (1 0 1) (1 1 0) (0 0 0) (1 1 0) (1 1 0) (0 1 1) (0 0 0) (1 1 0) (1 0 1) (1 1 1) (1 0 1) (1 1 1) (1 1 1)
int 67 (4 51 93) (22 46 62) (99 33 41) (11 90 60) (23 51 47) (41 47 53) (94 64 30) (61 25 68) (62 58 20) (45 45 24) (28 11 43) (90 13 49) (57 18 35) (35 21 23) (69 60 73) (64 44 37) (24 55 66) (56 62 67) (73 8 49) (13 31 37) (64 80 33) (54 83 6) (96 88 32) (69 23 36) (29 74 79) (20 10 51) (43 71 99) (69 33 99) (2 27 84) (28 29 82) (85 67 93) (19 45 88) (4 29 8) (68 52 77) (55 60 22) (55 24 11) (75 30 45) (23 75 59) (76 35 76) (82 69 2) (30 26 63) (98 42 62) (25 95 26) (33 25 58) (46 19 43) (20 11 18) (41 16 41) (72 68 18) (39 16 93) (29 90 92) (45 44 96) (2 28 27) (87 11 69) (98 72 86) (48 67 32) (21 95 84) (72 38 53) (99 31 21) (23 18 1) (77 96 44) (44 71 98) (30 55 9) (65 27 53) (61 41 18) (9 55 42) (26 8 87) (56 19 68)
char 68 (b p l) (k p b) (h k q) (s b q) (d o m) (o m n) (o m a) (m e m) (d j e) (c l m) (p f b) (n s b) (h e t) (h i j) (f o j) (f a g) (j f m) (o k o) (n n d) (b f q) (h o l) (k o p) (q a k) (k q k) (q j b) (q s e) (a t p) (g n a) (q m p) (b h m) (r l m) (a e r) (s g o) (p g s) (e e t) (d g b) (e c t) (a l f) (k t s) (r g k) (q b n) (t f n) (n i m) (q b l) (r s f) (e s o) (g t k) (h h h) (b j m) (a e m) (a p h) (i h i) (p i e) (f k l) (k l i) (r b q) (s n f) (d b h) (d s q) (n k i) (m b k) (d d b) (j t c) (f e r) (h j e) (p r m) (r r k) (r q j)
char 68 (g q e) (m b p) (a q n) (n d s) (k m n) (m r g) (c l o) (k j k) (k f h) (t p s) (s f n) (n s d) (i e p) (n e d) (h m d) (c i f) (s o e) (g b r) (t h k) (e h l) (e e c) (f a g) (s a e) (q c o) (e h o) (j e f) (t r g) (b d b) (h n n) (q h j) (d e c) (d e q) (g e b) (t i n) (r q d) (m e d) (m r q) (e s p) (d g s) (f q c) (c r k) (n f g) (f e e) (j g o) (h p i) (o d t) (a h q) (k b g) (q q h) (q b n) (l n m) (g e b) (q q q) (c h j) (m h f) (b k s) (d c l) (o f g) (o b l) (e a g) (g r h) (m g p) (r t m) (r o p) (m c q) (c b p) (i c j) (h s d)
char 70 (n l j) (c t n) (b o q) (g m o) (p m p) (q k q) (s a k) (j l m) (p r b) (a h q) (p r a) (q o s) (k b k) (i t o) (s g o) (r r h) (p d f) (d h s) (g c f) (e p c) (a b c) (c t r) (h e f) (k f n) (q a o) (g c g) (k e q) (f l l) (o l b) (j e m) (j k d) (r a g) (t p d) (l g n) (j k k) (o j t) (h a p) (r k p) (a e m) (s c n) (q f m) (i j j) (s q t) (s a a) (p g h) (e e e) (d l i) (e s f) (j a b) (p e e) (k i g) (i h p) (g c k) (a l c) (i g k) (f n e) (i m j) (m g t) (h g t) (g k i) (g h r) (i d d) (r a a) (b r p) (b p k) (s b h) (m b g) (m n b) (i j o) (p o a)
bool 70 (0 0 1) (1 0 1) (0 1 0) (1 0 0) (1 0 1) (1 0 1) (0 0 1) (0 0 1) (0 0 1) (1 1 1) (1 1 1) (0 1 0) (1 0 1) (1 0 1) (0 0 0) (0 0 0) (1 1 0) (0 1 0) (1 1 0) (0 1 0) (1 1 0) (1 1 0) (0 1 0) (0 0 0) (1 1 0) (1 0 0) (0 0 1) (1 1 0) (1 0 0) (0 0 1) (1 1 1) (1 0 1) (0 0 1) (0 1 1) (1 1 1) (0 0 0) (1 1 1) (1 1 1) (1 0 1) (0 1 0) (0 1 0) (0 1 1) (1 1 1) (1 1 0) (0 0 0) (0 0 0) (1 1 1) (1 0 1) (0 1 0) (1 1 1) (0 0 1) (1 1 0) (0 1 0) (1 1 0) (1 0 0) (1 0 1) (0 1 1) (1 1 1) (1 1 1) (0 0 1) (0 0 1) (1 0 1) (0 0 0) (0 0 0) (1 0 0) (0 1 1) (1 0 0) (1 0 1) (1 1 1) (1 0 1)
bool 71 (1 0 0) (1 1 0) (0 0 0) (0 0 0) (0 1 0) (0 1 1) (1 0 1) (1 0 1) (0 0 0) (1 1 1) (1 0 0) (0 1 1) (1 0 1) (0 0 1) (1 0 0) (0 0 0) (0 1 1) (1 0 1) (0 1 1) (0 0 0) (0 0 0) (1 0 1) (1 0 0) (0 0 1) (0 0 1) (0 0 1) (0 0 0) (0 0 0) (1 1 0) (1 1 0) (0 1 1) (1 0 1) (0 0 1) (1 0 0) (1 0 0) (1 1 1) (0 1 0) (1 1 1) (1 0 0) (0 1 0) (0 0 1) (0 1 1) (0 0 0) (0 1 0) (1 0 1) (1 1 1) (1 0 0) (0 1 0) (1 1 1) (0 0 0) (1 1 1) (0 0 1) (1 1 0) (0 0 0) (0 0 1) (0 0 0) (1 0 1) (0 0 0) (1 1 1) (1 0 1) (0 1 0) (1 1 0) (0 0 1) (1 0 0) (0 0 1) (1 0 0) (1 0 1) (0 0 0) (1 0 1) (0 1 1) (1 1 0)
int 71 (75 38 78) (79 31 81) (2 41 86) (60 37 5) (54 52 35) (72 93 37) (19 14 31) (71 34 70) (88 58 8) (40 88 39) (51 11 30) (43 94 84) (97 52 17) (80 23 22) (62 94 4) (70 41 50) (98 56 79) (71 71 61) (94 30 49) (17 94 29) (23 23 87) (16 25 58) (64 53 40) (29 31 82) (73 93 8) (55 86 19) (53 5 78) (4 32 52) (46 96 55) (85 56 77) (73 48 91) (66 29 95) (62 64 18) (78 38 71) (94 11 59) (6 61 82) (28 65 8) (65 22 74) (60 91 28) (37 78 26) (57 9 18) (11 40 65) (84 2 93) (14 78 58) (17 9 86) (22 74 97) (10 74 32) (5 78 5) (1 85 82) (88 21 32) (58 54 29) (58 60 84) (82 71 87) (40 12 18) (63 38 95) (51 2 89) (31 10 76) (44 98 55) (90 1 17) (97 12 68) (5 91 88) (36 70 15) (34 27 24) (77 72 3) (79 82 42) (33 54 12) (71 78 88) (99 12 38) (94 45 92) (86 52 43) (7 70 99)
bool 72 (0 0 1) (1 1 0) (1 0 1) (0 1 1) (1 0 1) (0 0 1) (0 1 0) (1 1 0) (1 0 0) (1 1 0) (1 0 0) (1 1 0) (0 1 1) (0 1 1) (1 1 0) (1 0 1) (1 0 0) (1 0 1) (0 0 0) (1 1 0) (0 1 1) (0 0 0) (1 0 1) (1 1 0) (1 0 1) (1 1 0) (1 1 1) (1 1 0) (0 0 1) (0 1 1) (0 0 1) (1 1 0) (1 1 1) (0 1 1) (0 1 1) (0 1 0) (0 0 1) (1 0 1) (0 1 1) (1 0 0) (0 1 0) (0 0 1) (1 1 0) (0 0 0) (1 0 0) (1 1 1) (1 0 0) (1 1 0) (1 0 0) (1 0 0) (1 0 0) (1 1 1) (0 0 0) (1 0 0) (0 1 0) (1 0 0) (0 0 0) (0 0 0) (0 1 0) (0 0 1) (0 0 0) (0 1 0) (1 0 1) (0 1 1) (1 0 0) (0 1 1) (0 0 1) (1 0 1) (1 0 0) (1 0 1) (1 1 0) (1 0 0)
double 72 (2.79 1.84 9.66) (5.6 2.95 4.43) (7.82 7.77 8.78) (4.21 2.65 1.89) (6.77 9.91 6.57) (1.98 5.2 5.24) (3.51 4.16 6) (0.29 2.12 4.72) (4.89 9.91 5.31) (8.97 6.44 8.83) (2.85 6.37 9.77) (3.75 7.35 3.33) (7.5 3.26 1.56) (7.72 0.57 5.33) (8.14 7.31 5.44) (7.24 9.36 3.55) (7.41 6.16 6.9) (8.34 2.16 6.86) (4.49 8.32 0.19) (1.37 4.92 1.51) (2.19 3.74 2.18) (7.07 9.59 2.01) (4.69 5.83 0.74) (4.65 8.33 5.75) (8.89 5.6 6.84) (9.59 2.74 2.04) (6.09 5.87 2.42) (0.73 4.59 1.85) (7.93 1.32 1.29) (7.3 8.02 7.04) (8.7 6.35 0.9) (4.65 9.03 6.91) (1.94 4.81 4.87) (0.36 9.19 1.65) (4.38 3.24 8.6) (1.79 5.37 3.47) (7.71 8.84 9.02) (8.05 1.22 4.21) (3.06 1.07 0.06) (3.21 8.93 1.34) (2.91 7.88 8.47) (4.84 4.16 1.75) (2.36 6.63 7.25) (8.16 7.47 7.63) (7.1 6.61 5.19) (3.74 1.79 0.78) (3.7 7.17 4.6) (9.41 8.21 0.38) (6.43 6.42 1.81) (4.84 4.27 8.75) (1.65 9.84 4.66) (0.62 5.6 4.58) (5.28 9.79 9.47) (4.04 5.53 2.76) (3.48 0.75 2.68) (3.17 2.02 8.48) (8.05 4.82 3.07) (3.54 6.32 3.29) (8.17 5.65 6.08) (5.7 4.13 0.81) (0.1 8.64 5.99) (4.92 7.68 9.59) (1.95 5.66 9.06) (0.76 2.62 9.39) (2 8.57 8.76) (9.45 1.08 1.71) (5.82 7 0.41) (6.27 4.5 3.29) (9.4 5.01 3.02) (1.55 5.64 1.04) (8.64 0.41 1.84) (2.23 4.56 0.65)
char 73 (d f m) (b h i) (n f a) (h e i) (q n c) (s p o) (h h c) (l l q) (i o n) (f q a) (e i o) (h r o) (c d d) (q o e) (d h p) (k q p) (s c e) (m m h) (r r p) (g h p) (o n t) (j s e) (j r k) (d p t) (b h e) (i b e) (e k q) (l n d) (b a j) (b k s) (c a a) (e l i) (e i k) (f o q) (g a k) (c j p) (i m e) (p q g) (g q j) (h s j) (p m i) (d o o) (t q f) (e t c) (b l p) (r f r) (n j i) (k q o) (p l q) (n e g) (n o a) (q q n) (b a t) (r t r) (c k m) (e o m) (o b m) (d l f) (l h l) (d b r) (e f s) (i m q) (e m m) (s r b) (j f i) (d s b) (r h l) (a s i) (f e m) (g e e) (m j a) (g q j) (t c e)
double 74 (3 7.65 9.53) (5.34 9.75 9.79) (6.12 9.05 1.36) (2.15 0.09 9.77) (6.04 0.09 6.65) (8.61 9.93 7.69) (7.35 5.63 6.31) (7.07 1.25 0.42) (1.91 3.41 7.83) (9.79 4.38 5.97) (7.93 3.81 1.11) (0.89 8.7 9.12) (3.39 0.84 0.59) (3.88 6.25 9.45) (8.26 6.04 7.49) (3.27 5.35 6.62) (2.63 6.46 3.79) (9.53 8.36 8.38) (7.44 9.13 8.23) (6.34 7.84 9.17) (8.87 2.46 1.32) (9.31 8.23 9.41) (5.86 6.89 8.06) (1.79 9.74 6.69) (8.23 4.17 2.63) (7.95 4.54 2.94) (3.58 8.23 6.81) (1.35 6.33 5.03) (6.52 4.42 6.07) (9.01 8.94 2.51) (7.09 5.11 8.55) (5.07 7.09 0.23) (5.29 7.96 1.33) (9.83 9.85 7.49) (2.91 9.79 0.67) (9.47 3.87 5.74) (5.46 9.63 7.58) (4.08 8.83 3.21) (3.27 1.77 6.27) (3.5 0.86 9.13) (0.25 3.35 7.54) (0.21 1.17 8.04) (0.87 6.51 7.04) (4.81 0.15 2.64) (6.35 2.48 0.24) (6.38 6.39 4.7) (4.81 7.27 0.09) (2.48 7.91 6) (7.22 5.66 4.56) (4.88 5.57 3) (7.6 7.46 5.23) (9.59 3.71 9.79) (9.66 2.86 0.22) (1.01 0.55 6.36) (7.09 7.37 5.65) (0.23 9.84 0.78) (8.27 4.04 9.36) (0.46 3.62 4.97) (9.15 3.88 9.55) (6.08 0.05 2.36) (7.63 2.76 9.01) (9.43 4.19 8.85) (4.29 7 1.23) (8.16 5.34 1.02) (2.64 5.37 0.98) (9.49 0.78 5.87) (5.26 9.68 0.09) (0.16 2.12 4.34) (4.93 7.34 5.51) (8.42 6.08 8.51) (1.67 0.1 1.26) (9.47 7.79 6.02) (0.18 0.21 6.88) (6 7.6 7.32)
double 75 (1.59 4.36 8.26) (5.79 9.89 1.24) (0.33 8.1 3.09) (6.82 0.07 6.26) (6.34 9.04 3.51) (3.55 2.27 6.75) (6.52 6.28 0.01) (2.83 8.43 5.38) (3.53 1.7 6.27) (5.08 2.78 3.22) (6.9 6.67 3.65) (6.06 1.18 6.08) (1.75 2.45 2.67) (6.85 3.75 2.16) (2.44 0.72 3.27) (4.85 1.94 2.61) (2.94 4.97 6.79) (2.09 7.96 1.8) (2.14 0.62 3.17) (0.63 1.38 8.11) (6.5 9.63 5.03) (7.24 7.92 5.23) (3.41 7.42 9.8) (4.81 1.06 5.12) (7.62 3.82 0.1) (4.61 7.55 8.56) (2.66 3.27 6.81) (7.8 4.47 0.74) (0.46 2.48 6.23) (2.55 4.05 5.03) (3.68 8.08 9.76) (9.79 7.86 9.91) (7.83 8.31 1.52) (4.73 1.02 7.04) (6.55 0.24 9.86) (3.89 2.83 0.98) (5.01 2.21 2.75) (9.01 9.01 5.4) (0.56 8.17 2.32) (7.31 4.7 1.28) (7.84 4.89 7.17) (4.53 7.65 3.57) (8.91 1.04 7.98) (9.05 0.54 2.69) (0.47 4.96 2.99) (9.73 2.83 5.8) (9.28 4.15 4.64) (5.14 4.3 0.19) (5.2 5.95 9.34) (3.72 1.21 0.39) (1.46 3.79 3.08) (8.29 3.84 1.77) (2.24 8.24 7.6) (3.92 9.65 7.56) (1.5 8 9.58) (0.8 9.49 2.56) (4.16 2.64 8.74) (9.08 2.19 1.88) (1.26 6.21 1.7) (7.95 6.03 0.28) (3.14 6.63 0.61) (1.84 7.72 4.21) (4.36 4.82 6.6) (8.1 7.91 7.39) (2.02 7.14 8.78) (3.79 8.38 0.24) (0.25 6.84 7.45) (7.75 0.56 1.42) (3.45 6.73 8.53) (0.16 6.34 8.76) (9.28 9.9 9.99) (0.19 7.28 7.61) (5.62 1.82 3.44) (3.05 2.55 9.33) (8.99 7.45 9.43)
double 77 (7.28 4.73 6.29) (9.31 7.44 3.98) (2.94 9.03 8.58) (2.21 6.95 1.21) (2.89 3 2.96) (3.77 1.7 4.9) (1.85 5.01 8.87) (6.9 4.15 3.56) (5.7 7.84 7.53) (2.4 3.04 3.38) (7.78 2.7 4.11) (2.92 2.55 4.74) (0.32 8.69 6.6) (3.19 4.3 6.61) (4.53 0.14 6.85) (2.75 3.15 8.56) (7.31 9.68 4.01) (4.53 6.22 3.77) (8.13 8.64 3.92) (1.2 6.86 2.01) (1.86 7.93 3.7) (9.73 9.88 9.4) (3.94 0.23 5.17) (2.31 6.72 6.2) (8.49 7.64 1.56) (0.14 8.05 4.73) (8.05 8.03 1.59) (9.98 0.33 2.57) (1.21 4.34 7.08) (4.96 7.37 5.03) (9.92 1.22 9.72) (5.86 5.84 9.8) (1.32 9.93 1.26) (2.63 1.5 9.73) (6.13 6.55 0.66) (3.85 0.47 6.05) (3.07 7.85 3.7) (2.34 0.8 6.41) (8.34 5.13 0.42) (9 2.58 7.35) (1.8 5.85 9.56) (2.42 9.99 6.31) (4.91 1.08 0.96) (2.17 0.29 7.41) (5.21 2.31 5.46) (3.15 6.43 8.35) (8.74 6.13 6.56) (6.7 8.51 1.17) (1.9 7.84 1.95) (4.47 9.56 7.22) (4.7 4.74 1.49) (2.17 3.27 0.23) (2.4 4.81 8.31) (5.71 5.8 0.15) (2.27 1.59 2.88) (7.67 6.4 5.63) (4.68 6.22 6.47) (1.52 3.85 2.09) (4.92 8.2 0.41) (0.41 1.34 3.77) (0.63 0.88 7.39) (7.41 5.85 4.8) (2.22 3.23 5.49) (0.49 7.87 0.89) (3.13 2.01 9.55) (7 7.48 2.53) (4.35 0.92 0.21) (5.38 8.24 4.24) (2.21 9.67 4.61) (7.72 4.86 1.43) (8.97 9.84 8.64) (2.37 3.69 3.54) (4.13 9.24 2.03) (4.8 4.07 9.89) (3.71 3.62 9.12) (2.04 3.53 7.94) (5.76 5.3 5.26)
bool 78 (1 0 0) (0 0 0) (1 0 1) (0 1 0) (0 0 1) (0 0 0) (0 1 1) (0 1 1) (0 1 0) (0 1 1) (0 1 0) (1 0 1) (1 0 0) (1 1 1) (1 1 0) (0 0 0) (0 0 0) (0 0 1) (0 1 1) (1 1 0) (0 0 0) (1 0 0) (0 1 1) (0 1 0) (0 0 0) (1 1 1) (0 0 1) (0 0 0) (1 0 0) (1 1 0) (0 0 1) (1 0 1) (0 0 0) (0 1 1) (1 1 1) (0 1 1) (0 0 0) (1 1 0) (1 1 0) (1 0 0) (1 0 1) (0 0 1) (1 1 1) (0 0 1) (0 0 1) (1 1 1) (1 0 0) (0 0 1) (0 0 1) (0 1 0) (0 1 1) (1 0 1) (0 0 0) (0 0 0) (0 1 0) (0 1 1) (0 1 1) (1 0 1) (0 0 1) (0 0 0) (1 1 1) (1 1 1) (0 0 0) (0 0 1) (1 0 0) (0 0 0) (1 1 1) (0 0 1) (0 1 1) (0 1 0) (0 1 1) (1 0 0) (1 1 1) (1 0 0) (1 0 0) (1 1 0) (1 1 1) (1 1 0)
int 79 (83 87 16) (62 86 96) (8 62 83) (81 18 64) (92 93 49) (21 85 48) (60 73 89) (88 94 4) (33 72 39) (79 14 86) (27 53 7) (32 99 64) (31 30 93) (53 3 55) (82 48 49) (92 82 25) (97 10 80) (62 29 84) (72 56 75) (60 5 98) (76 42 18) (17 82 60) (17 56 41) (40 6 76) (6 63 41) (27 30 47) (44 70 55) (59 71 1) (26 27 54) (17 33 90) (96 88 64) (31 98 53) (1 63 15) (66 41 84) (56 71 95) (25 87 48) (11 63 82) (59 76 95) (94 68 56) (51 3 50) (14 63 30) (99 68 32) (32 58 75) (97 17 12) (48 38 51) (57 68 34) (55 56 71) (83 85 20) (1 10 71) (43 82 89) (39 69 11) (14 57 29) (72 14 7) (52 39 86) (89 98 45) (54 25 59) (72 13 26) (43 73 74) (56 91 36) (49 1 68) (24 76 2) (65 73 3) (63 15 47) (51 7 92) (48 55 93) (11 56 42) (72 94 83) (9 45 39) (18 74 70) (2 93 39) (71 99 39) (88 46 39) (87 24 24) (1 78 48) (14 52 20) (42 88 23) (77 74 60) (38 6 57) (91 95 83)
double 80 (4.33 3.77 5.99) (3.33 3.5 9.62) (6.79 4.55 9.83) (8.44 9.95 2.53) (0.24 2.65 9.74) (3.5 5.02 9.33) (8.81 1.26 5.21) (9.55 7.5 0.98) (0.68 1.65 1.99) (1.45 4.33 5.86) (3.56 7.86 7.76) (5.55 9.24 1.9) (3.2 5.94 2.48) (0.78 8.03 9.82) (4.91 0.01 5.34) (5.8 2.08 2.03) (0.36 7.37 4.8) (1.86 7.86 9.55) (6.75 1.91 2.81) (2.03 9.29 1.9) (5.69 1.01 2.78) (3.14 2.88 8.4) (6.06 2.58 2.93) (7.02 9.48 0.66) (9.36 0.04 3.24) (6.21 5.13 8.51) (7.49 0.19 8.01) (2.68 4.11 6.37) (5.59 8.73 7.81) (6.46 7.46 9.69) (4.35 9.05 3.32) (2.72 1.36 1.63) (7.41 7.48 3.13) (2.5 6.98 9.58) (3.86 3.93 1.89) (7.92 6.27 1.53) (8.55 8.06 8.93) (7.18 5.32 1.63) (3.23 9.27 7.19) (6.51 3.8 7.84) (7.35 5.18 2.53) (3.62 1.9 8.93) (5.23 7.02 4.82) (2.77 7.46 9.87) (9.91 2.52 9.25) (8.65 8.02 9.22) (2.39 0.91 8.69) (5.77 4.47 4.62) (4.7 2.42 9.28) (1.95 7.01 0.61) (8.02 2.48 8.14) (0.43 3.64 2.25) (6.56 5.97 5.13) (3.19 1 9.78) (9.86 9.44 7.73) (7.43 9.43 0.8) (2.11 1.7 1.34) (3.72 7.16 4.52) (5.11 6.53 7.2) (3.28 7.94 5.41) (2.23 4.81 4.32) (6.9 0.66 6.14) (6.4 2.04 0.39) (7.65 6.01 3.3) (0.43 9.8 0.97) (8.88 1.95 1.11) (7.48 8.77 5.07) (9.07 7.12 0.82) (8.15 7.78 0.49) (2.81 7.31 2.88) (8.9 8.52 2) (3.44 8.47 2.84) (0.46 1.71 5.41) (3.63 1.19 1.27) (6.86 3.18 6.63) (3.77 4.89 0.2) (8.51 2.06 9.15) (6.71 6.38 0.89) (9.27 7.31 1.93) (1.71 3.4 0.74)
int 81 (9 52 64) (85 65 29) (22 78 6) (19 53 35) (43 42 56) (53 18 54) (55 25 84) (3 97 74) (28 41 79) (22 70 64) (21 98 50) (62 6 26) (58 80 71) (12 16 70) (97 57 30) (51 2 20) (43 45 58) (23 61 79) (99 71 69) (22 74 89) (87 24 95) (45 45 98) (18 63 64) (10 97 69) (22 16 37) (99 73 10) (77 60 13) (23 81 98) (73 2 63) (11 37 20) (62 25 30) (70 92 71) (46 4 29) (73 31 58) (81 84 33) (81 64 29) (60 37 76) (40 68 20) (30 88 70) (84 81 58) (4 23 46) (48 37 8) (27 58 10) (35 64 46) (90 90 11) (32 23 98) (19 34 97) (3 29 61) (35 40 59) (77 9 60) (77 2 95) (52 28 54) (4 28 24) (91 69 28) (84 85 56) (41 92 95) (2 16 88) (68 55 73) (59 42 1) (70 26 84) (44 77 19) (95 47 84) (18 89 95) (44 28 43) (71 62 64) (28 75 83) (22 21 25) (98 9 42) (63 60 66) (74 19 32) (37 93 99) (39 30 94) (58 13 77) (64 65 13) (23 72 30) (30 74 44) (5 20 33) (24 43 32) (14 94 63) (77 28 86) (3 73 51)
char 83 (h m l) (r f h) (o j l) (b n p) (i i n) (g d o) (m i o) (d q l) (l o f) (n j p) (p o a) (r c s) (p e p) (g h n) (s r h) (q m k) (j c f) (n p b) (h j b) (p q c) (k a f) (s j l) (j j t) (a r h) (r o g) (c m r) (o f n) (h h q) (i o p) (m s m) (k b p) (r p j) (f p o) (c k d) (e n i) (h g c) (e r a) (g h j) (p s g) (t i f) (g s b) (r a g) (s q k) (f r n) (d k b) (c j d) (k p r) (i t o) (f d c) (s a a) (p o a) (t a c) (m s n) (f c d) (t q l) (n g l) (d m m) (a k j) (b l l) (q j b) (i d q) (j l c) (p d l) (a e o) (f h m) (a g j) (g c t) (i h k) (m j h) (k t g) (a o d) (a f d) (k i j) (e f d) (g l l) (b h h) (a a i) (c e p) (b a b) (d n j) (c k d) (a r d) (o d r)
int 85 (91 74 60) (54 92 44) (13 78 7) (89 87 36) (73 60 1) (6 47 9) (25 99 14) (42 42 41) (61 35 27) (52 64 45) (38 57 32) (79 79 4) (63 27 1) (21 35 19) (60 63 75) (39 79 78) (94 28 55) (66 5 75) (23 55 55) (26 81 29) (51 12 44) (34 95 47) (92 64 79) (37 12 75) (91 9 34) (90 2 63) (48 79 77) (38 18 38) (82 70 2) (70 93 80) (37 58 22) (65 57 60) (51 88 53) (58 27 49) (13 51 70) (84 12 29) (85 89 70) (96 53 86) (87 85 44) (38 41 3) (30 79 15) (71 92 31) (28 81 49) (59 51 8) (44 65 29) (44 18 4) (90 53 74) (37 94 99) (82 69 40) (17 76 79) (34 18 15) (61 71 54) (56 12 56) (12 79 18) (57 14 61) (78 80 22) (53 4 62) (85 87 46) (90 42 46) (79 91 73) (80 65 52) (44 48 96) (57 66 38) (48 3 12) (19 35 11) (59 36 28) (58 49 18) (10 90 13) (55 76 62) (29 47 31) (59 58 19) (98 16 99) (90 38 39) (55 1 21) (43 93 86) (75 66 55) (24 25 7) (92 58 1) (14 60 96) (81 79 50) (77 12 17) (19 79 17) (85 14 21) (45 35 12) (20 12 30)
double 85 (9.03 7.07 3.3) (7.15 2.07 7.72) (4.81 6.52 3.07) (5.36 8.01 5.18) (1.97 4.8 8.45) (3.52 6.39 6.28) (2.88 1.78 9.17) (5 7.77 3.26) (9.58 7.18 6.76) (5.32 6.47 8.12) (0.23 4.24 4.97) (5.67 1.93 1.01) (4.71 7.55 7.76) (7.54 4.41 6.82) (3.33 5.93 0.69) (1.24 4.75 2.34) (6.24 3.7 7.23) (5.57 9.4 4.36) (7.29 8.42 6.43) (3.11 5.62 9.71) (1.26 6.7 8.34) (9.47 3.73 3.77) (6.53 0.66 1.23) (0.53 9.46 2.4) (2.79 6.68 7.51) (6.86 0.77 8.99) (1.56 9.13 7.59) (9.78 6.92 8.78) (5.65 6.43 1.95) (9.81 1.31 6.78) (3.35 8.8 6.01) (4.5 8.23 0.22) (6.57 4.81 1.51) (2.86 0.21 7.92) (0.83 2.37 5.59) (2.59 4.65 3.71) (1.51 3.32 5.27) (3.44 9.56 4.68) (2.43 2.94 5.5) (7.32 7.66 5.39) (7.3 5.68 4.89) (3.32 7.67 9.38) (5.36 8.73 6.98) (2.41 9.24 6.57) (0.18 3.78 2.4) (9.41 0.34 2.51) (7.94 0.25 7.95) (5.02 8.72 4.22) (9.03 7.77 0.37) (1 8.88 4.24) (0.76 2.67 5.61) (8.28 2.33 8.15) (7.66 7.74 3.24) (2.04 0.83 1.87) (8.56 8.87 6.22) (0.34 4.29 4.7) (4.79 4.71 1.41) (8.18 5.56 9.8) (3.05 5.02 5.41) (5.6 7.97 6.64) (6.89 5.81 7.51) (0.44 5.38 7.84) (5.1 1.95 5.1) (2.97 1.59 4.18) (8.66 9.55 1.97) (7.97 4.72 5.6) (9.03 2.66 8.47) (3.93 1.11 0.16) (6.18 4.41 5.31) (2.22 5.2 8.2) (4.14 7.71 5.58) (7.78 9.27 0.62) (2.59 0.11 0.61) (3.22 9.11 7.52) (4.2 4.79 4.49) (2 9.47 6.67) (2.72 3.92 9.14) (3.68 9.04 2.99) (6.97 3.13 3.35) (1.04 9.92 7.52) (1.97 6.55 1.8) (0.51 5.67 4.2) (9.06 5.55 0.03) (5.23 5.49 9.61) (0.84 3.19 0.14)
bool 86 (0 1 0) (1 0 0) (1 0 1) (1 1 1) (1 0 0) (0 0 0) (0 1 0) (1 0 0) (1 0 1) (0 0 1) (1 0 0) (0 0 0) (0 1 1) (0 1 0) (0 1 1) (1 1 0) (1 0 0) (1 0 1) (1 0 0) (0 1 1) (0 0 0) (0 0 1) (1 1 0) (0 0 1) (1 0 1) (0 0 0) (0 1 1) (1 0 0) (0 1 0) (0 1 0) (1 0 0) (0 1 0) (0 0 0) (0 0 0) (1 1 1) (0 0 0) (1 0 0) (1 0 0) (0 1 1) (0 0 0) (0 1 1) (1 0 1) (0 0 0) (1 0 1) (1 0 0) (0 0 0) (0 1 0) (1 1 1) (0 1 1) (0 0 1) (0 0 0) (0 1 0) (0 0 1) (0 0 0) (0 0 1) (0 1 1) (0 1 1) (1 0 1) (1 1 1) (1 0 1) (0 0 1) (0 1 1) (0 1 0) (1 1 0) (0 1 1) (0 1 1) (1 0 0) (0 1 1) (0 1 1) (1 1 1) (0 0 0) (1 0 0) (0 1 1) (0 0 0) (1 0 1) (0 1 0) (0 0 1) (0 0 1) (0 1 0) (1 1 1) (1 1 0) (0 1 1) (0 1 0) (1 0 1) (1 0 1) (1 1 1)
int 88 (50 65 72) (97 15 88) (38 19 73) (41 48 42) (21 83 14) (91 18 51) (47 64 41) (97 74 5) (91 99 34) (89 82 46) (42 29 51) (58 35 19) (6 24 58) (50 92 2) (90 41 48) (46 13 53) (85 97 49) (44 52 12) (81 30 17) (70 52 64) (4 56 47) (61 44 12) (50 53 38) (34 1 13) (64 54 70) (43 49 95) (97 31 4) (97 42 57) (9 6 52) (68 72 79) (78 26 77) (40 59 38) (76 39 98) (17 33 70) (69 93 22) (39 74 58) (7 89 92) (42 22 14) (49 27 54) (21 87 9) (18 20 91) (75 28 99) (90 48 9) (2 27 58) (12 35 25) (84 35 20) (58 30 15) (12 66 94) (91 11 81) (66 47 38) (54 50 12) (60 25 1) (38 34 94) (28 29 57) (61 30 49) (89 46 71) (76 35 67) (13 35 18) (97 48 15) (55 69 59) (93 5 82) (71 37 53) (17 58 27) (80 28 10) (98 38 86) (22 45 61) (31 79 1) (32 60 91) (57 79 85) (83 58 91) (54 32 27) (91 21 97) (67 70 53) (26 48 4) (67 30 18) (59 36 1) (42 19 77) (51 65 50) (7 19 15) (55 97 28) (91 15 22) (16 83 61) (34 60 89) (11 46 28) (36 22 15) (32 6 39) (39 54 96) (82 6 71)
int 88 (11 12 2) (42 99 41) (25 53 82) (48 55 35) (86 66 16) (74 71 95) (86 21 68) (20 6 35) (40 74 15) (93 93 51) (16 70 34) (15 40 53) (90 9 89) (14 98 84) (43 90 16) (35 48 24) (47 99 13) (74 51 79) (89 22 52) (1 79 57) (1 32 20) (30 56 88) (63 96 4) (24 14 11) (12 92 75) (94 60 87) (64 45 56) (35 37 91) (38 65 92) (80 58 17) (56 82 25) (36 75 38) (35 35 61) (46 87 43) (8 46 64) (31 4 22) (37 78 9) (28 9 39) (52 43 98) (82 85 42) (77 11 37) (64 60 74) (57 63 42) (57 52 25) (77 77 5) (60 20 61) (88 20 74) (70 81 80) (7 33 36) (63 44 82) (48 64 86) (49 48 22) (74 3 20) (81 68 32) (49 98 93) (79 39 70) (6 28 3) (81 19 26) (2 4 29) (4 66 17) (41 41 63) (15 6 44) (90 85 15) (97 17 6) (98 13 10) (61 60 76) (80 77 95) (70 35 76) (89 92 4) (71 92 53) (32 71 78) (52 3 80) (27 42 25) (17 37 91) (12 33 29) (34 85 19) (65 12 87) (13 93 7) (92 98 65) (33 92 2) (26 68 51) (78 69 79) (99 11 19) (50 78 24) (25 85 98) (77 49 21) (86 91 65) (87 79 34)
double 90 (0.86 1.04 1.81) (5.64 2.03 1.05) (4.18 1.55 3.64) (2.75 6.95 0.09) (0.47 0.72 8.47) (1.44 3 8.15) (0.41 7.84 4.32) (7.94 1.48 3.9) (8.85 9.71 7.05) (0.54 5.78 6.33) (1.89 7.46 3.18) (9.88 7.94 4.49) (5.56 0.95 6.4) (2.88 1.28 6.82) (3.11 5.21 1.6) (0.28 8.9 2.19) (2.62 6.37 7.33) (9.68 1.11 6.82) (4.45 7.13 9.52) (4.59 9.41 9.5) (5.98 8.1 3.31) (6.91 9.43 8.6) (0.27 7.63 9.59) (0.49 9.33 3.42) (5.5 8.95 3.87) (5.15 0.6 0.87) (1.5 4.7 0.24) (5.89 1.97 1.16) (8.3 2.64 5.55) (9.27 1.14 2.73) (8.26 9.9 4.86) (4.66 4.73 8.87) (4.2 9.52 9.06) (8.15 6.21 8.74) (2.3 5.2 0.24) (0.5 5.57 0.69) (7.89 7.07 5.08) (1.44 1.88 0.26) (9.2 6.9 2.54) (6.71 0.19 4.46) (2.89 7.93 5.76) (6.73 0.07 2.7) (5.28 9.7 4.41) (1.27 5.07 2.36) (5.19 5.61 5.06) (3.01 5.53 5.62) (1.27 4.4 4.66) (2.1 1.69 6.27) (5.41 3.99 7.56) (9.6 8.14 3.63) (5.94 4.91 7.86) (6.6 9.54 5.46) (3.19 9.01 9.15) (1.93 8.1 5.05) (0.76 2.78 4.71) (0.67 3.33 5.38) (3.35 4.8 8.6) (2.91 7.13 5.2) (3.17 5.34 7.68) (8.15 3.9 0.35) (2.6 1.93 0.36) (8.45 3.65 4.59) (5.2 3.81 2.5) (1.21 9.29 5.08) (8.77 0.83 0.57) (4.44 9.28 8.06) (0.78 4.74 0.86) (9.27 6.46 8.28) (6.76 6.13 8.71) (7.33 5.82 8.95) (2.24 3.95 8.36) (5.98 0.62 9.19) (4.22 2.74 0.95) (7.41 6.72 8.79) (7.19 8.85 3.47) (5.76 6.01 4.61) (5.99 6.39 4.82) (3.11 8.54 0.62) (6.12 6.78 9.84) (0.57 2.03 6.63) (3.4 6.15 8.68) (3.92 5.07 8) (3.41 9.28 5.82) (6.79 7.87 8.66) (2.99 5.63 0.36) (8.98 1.7 7.27) (6.39 5.92 2.49) (2.3 8.2 4.72) (0.71 7.55 5.61) (5.96 0.56 3.31)
bool 93 (1 1 1) (0 0 0) (1 0 1) (0 0 1) (1 1 1) (0 0 0) (1 1 0) (0 1 0) (1 1 0) (0 0 0) (1 1 1) (1 1 1) (0 1 1) (1 0 1) (1 1 1) (1 0 0) (1 0 0) (0 0 0) (1 1 1) (0 1 1) (0 0 0) (1 0 1) (1 0 0) (1 1 1) (1 1 1) (0 1 1) (0 1 1) (0 1 1) (1 0 0) (0 1 0) (0 0 0) (1 0 1) (1 0 1) (0 0 0) (1 1 0) (0 0 1) (1 0 0) (1 0 0) (0 1 0) (1 1 1) (1 1 0) (1 1 0) (1 0 0) (1 0 0) (0 1 1) (1 1 0) (0 1 0) (0 0 0) (0 0 1) (0 0 1) (0 0 0) (1 0 0) (0 1 1) (0 1 0) (0 1 0) (0 1 1) (1 1 1) (0 0 1) (0 1 1) (0 1 1) (1 0 1) (1 0 1) (0 1 0) (1 1 1) (1 0 0) (1 0 1) (0 0 1) (0 0 1) (0 0 0) (0 1 0) (1 1 1) (1 0 0) (0 1 1) (1 1 0) (0 0 0) (1 1 1) (0 0 0) (0 0 0) (1 1 0) (0 1 0) (1 1 0) (0 0 1) (1 0 0) (0 0 0) (1 1 0) (0 1 1) (0 0 1) (1 1 0) (1 1 1) (0 1 1) (0 0 1) (0 1 1) (0 1 1)
bool 93 (1 0 0) (0 1 0) (1 1 0) (0 1 0) (0 0 0) (0 0 0) (0 1 1) (1 0 0) (1 0 1) (0 0 1) (0 1 0) (1 1 1) (0 1 0) (0 0 1) (0 1 0) (1 0 0) (0 1 0) (1 1 1) (0 1 1) (1 0 1) (0 0 0) (0 0 1) (1 1 1) (1 1 1) (0 0 1) (1 0 1) (0 0 0) (1 0 1) (1 1 0) (0 0 1) (1 0 1) (1 1 1) (1 1 0) (0 0 0) (1 0 1) (0 1 1) (1 1 0) (1 1 0) (0 0 0) (1 0 0) (1 0 0) (1 0 1) (0 1 0) (0 0 1) (0 1 1) (0 0 0) (1 1 1) (0 1 1) (0 0 0) (1 1 0) (1 1 0) (0 1 0) (0 0 1) (1 0 1) (0 1 0) (0 1 0) (0 1 0) (0 1 0) (0 0 0) (1 0 1) (0 0 0) (0 0 0) (1 0 1) (0 1 0) (1 0 0) (1 1 0) (1 0 1) (1 0 0) (0 0 0) (1 0 1) (0 1 1) (0 1 0) (1 0 1) (0 0 1) (1 1 0) (0 0 0) (1 1 0) (0 1 1) (0 1 0) (1 0 1) (1 1 0) (0 1 0) (1 0 1) (1 1 0) (0 1 1) (1 1 1) (1 0 1) (1 0 1) (1 1 1) (1 0 1) (0 0 1) (1 1 0) (1 0 0)
char 93 (p m q) (c n c) (p f a) (q d f) (i b k) (k f p) (q t i) (s h m) (n o c) (b d t) (e s j) (o i a) (d j d) (i p n) (f c p) (t t q) (o f m) (k t k) (m o g) (m o h) (a t f) (a r m) (n n a) (g c t) (q e i) (g n h) (p a l) (k n o) (b i k) (n f i) (a i l) (f i o) (e t c) (j b b) (p m l) (p s r) (d g k) (g q m) (n k g) (m d m) (b d c) (k k d) (j q b) (n m h) (t l b) (i b e) (r f g) (b c k) (c l c) (a k h) (j k m) (r g b) (o b s) (g c g) (h n l) (m p p) (d b m) (g s q) (f o d) (s r d) (e j d) (i b n) (c b a) (f m p) (s a l) (q i d) (k n r) (b d d) (d k n) (g k d) (b g d) (b r p) (t o p) (r d c) (n l n) (f g r) (e k s) (g n q) (b b d) (r g m) (d c g) (p m t) (b j n) (c d l) (m l j) (b f s) (r j r) (l k m) (c d g) (b p h) (k r n) (b t i) (d r i)
int 94 (27 99 25) (66 46 91) (44 93 1) (57 81 95) (6 93 59) (94 11 69) (79 19 26) (80 96 25) (14 44 44) (71 10 27) (72 44 6) (99 50 6) (53 99 5) (18 42 34) (42 83 70) (35 16 38) (43 48 51) (63 8 72) (1 42 67) (64 46 11) (4 51 24) (30 20 65) (51 73 60) (51 30 60) (46 54 46) (3 35 93) (14 53 92) (25 23 13) (50 36 74) (84 52 68) (13 17 68) (72 57 41) (39 62 27) (52 94 26) (67 10 51) (52 46 49) (24 64 9) (7 29 98) (73 75 50) (68 86 13) (78 7 81) (65 70 72) (94 43 56) (48 59 87) (71 44 70) (85 13 46) (10 48 22) (10 74 19) (34 22 91) (71 32 87) (1 19 46) (81 5 39) (31 46 80) (69 91 26) (55 84 63) (73 94 48) (18 72 71) (32 21 10) (87 18 12) (86 18 55) (6 21 6) (27 42 67) (56 86 89) (71 10 32) (14 13 62) (19 96 30) (4 71 59) (47 22 1) (45 53 18) (58 17 92) (32 55 28) (63 68 96) (64 77 19) (97 93 71) (52 28 92) (11 32 9) (38 3 18) (94 57 90) (45 73 84) (49 9 57) (98 38 21) (62 71 1) (28 54 33) (12 81 83) (24 94 9) (5 2 48) (16 39 74) (71 74 83) (87 72 81) (29 76 39) (49 59 56) (31 19 12) (29 59 14) (75 89 54)
double 95 (9.3 3.25 5.81) (1.2 7.29 2.51) (8.62 8.93 4.3) (9.37 4.39 5.19) (9.71 4.8 5.6) (0.07 7.28 6.27) (7.84 3.89 4.14) (3.84 1.74 0.32) (1.17 6.49 5.43) (3.92 6.16 4.63) (7.84 0.35 6.93) (4.01 6.08 3.64) (4.85 2.8 4.39) (2.42 1.44 6.91) (6.55 8.56 3.35) (6.21 0.83 5.34) (8.09 9.85 3.03) (3.28 7.24 1.83) (4.35 3.72 3.22) (1.14 9.83 3.06) (7.18 0.71 4.73) (6.91 2.82 0.51) (2.22 9.96 8.48) (1.02 6.07 1) (7.59 6.22 0.83) (8.59 5.34 5.45) (3.94 6.42 3.77) (5.15 6.06 5.25) (7.28 6.37 8.33) (7.56 3.36 8.62) (9.66 4.17 9.27) (1.43 7.61 4.9) (4.97 8.43 7.2) (0.76 3.36 8.61) (2.12 0.14 8.9) (4.31 9.57 1.35) (9.62 6.77 4.45) (3.03 6.22 4.44) (9.55 8.05 5.29) (8.8 8.85 2.57) (8.49 0.2 8.04) (6.82 4.4 6.82) (3.99 9 5.87) (1.52 2.2 8.29) (8.35 1.73 9.57) (3.05 4.14 2.92) (5.61 2.3 4.7) (2.98 4.73 7.26) (5.06 3.34 4.2) (0.49 9.01 0.41) (2.14 7.14 8.42) (2.85 3.56 9.17) (1.62 7.32 6.64) (5.55 0.33 2.03) (3.6 5.08 4.84) (5.88 0.6 9.62) (6.95 7.51 2.28) (2.02 2.79 6.86) (2.51 0.12 0.75) (5.01 9.81 1.39) (7.91 1.43 3.62) (1.94 4.89 1.36) (7.57 2.9 5.82) (5.45 7.06 1.77) (0.47 1.99 9.48) (9.69 7.5 9.04) (2.4 9.46 2.69) (7.83 5.63 7.06) (2.96 2.47 5.46) (4.29 1.87 4.38) (9.13 0.83 3.43) (0.5 8.56 9.99) (8.94 5.31 1.31) (4.14 5.15 0.43) (8.72 3.99 2.96) (7.54 1.51 8.49) (6.47 3.81 4) (8.14 5.72 2.16) (5.37 7.49 4.7) (2.25 1.68 6.45) (0.08 4.24 1.62) (6.55 6.47 0.91) (1.54 6.63 2.73) (0.89 9.75 9.93) (9.01 2.82 1.33) (6.74 4.74 4.51) (6.44 5.9 8.59) (1.64 2.86 8.91) (9.5 2.2 0.54) (7.14 7.8 1.72) (5.86 9.22 1) (7.38 8.67 7.96) (1.02 4.23 3.8) (8.84 2.62 2.88) (5.57 6.77 9.43)
char 95 (t b j) (t q f) (c m q) (f k s) (f r o) (l n c) (n q g) (m b b) (t q o) (b p q) (e d o) (q n j) (r m d) (l r e) (o m o) (m h h) (e d n) (j j n) (e o n) (k c r) (r i h) (r r h) (o b o) (b p j) (j s s) (c k q) (o q l) (d t r) (e m s) (d f f) (m g l) (n d g) (i j r) (o q p) (j s m) (j b c) (s t p) (r l r) (e m s) (h b h) (d o b) (b s s) (a i e) (o o t) (p s f) (b h n) (o m p) (f t g) (p p a) (q c j) (g d b) (f h f) (m l q) (c b s) (p s f) (k c b) (t i e) (f a t) (t s f) (b f e) (o p c) (f a n) (m f t) (o e g) (o r n) (t m f) (j i p) (i b q) (n s i) (s r n) (q b k) (h m q) (l o a) (r q f) (q c d) (c n d) (j t e) (q d t) (d f q) (t j d) (n e s) (q r a) (k h a) (h k o) (g d e) (m n q) (g g k) (m j o) (q q k) (g h b) (q h b) (c j t) (q g g) (t h f) (m q g)
char 95 (n s n) (p o k) (n t l) (f p k) (o r c) (n e k) (l p q) (b p a) (a e l) (j c n) (e f e) (a k e) (m r e) (q r r) (m e d) (r e r) (r b b) (k h g) (o o d) (h n s) (m d d) (h o b) (t f s) (e g i) (o p n) (n i k) (m o g) (l c b) (j k r) (r c k) (f t c) (b k d) (s b s) (r n h) (l n s) (l h a) (i g j) (k e s) (q j p) (e m s) (m r t) (d l k) (r d g) (b b g) (s m e) (q t f) (a k g) (g r g) (m r h) (d g e) (i j r) (a c m) (a q a) (m r p) (h l m) (r d k) (e o c) (f l o) (n h s) (c l g) (i n s) (p m l) (r q f) (a h h) (h a n) (h f h) (p r g) (h h o) (o s p) (o l f) (j o b) (n h d) (o g m) (p o m) (q t o) (g r m) (b c n) (m i h) (c m l) (h q c) (p h r) (a a e) (q i m) (t f f) (b t g) (h o k) (c d p) (c g a) (r k b) (g n o) (g p k) (l g m) (k t f) (l p t) (m t q)
double 96 (8.76 1 3.48) (9.48 3.19 1.15) (0.05 9.82 7.86) (7.92 6.92 9.45) (3.78 6.66 2.66) (3.58 0.12 4.58) (2.19 4.53 3.39) (7.2 8.84 1.93) (5.36 0.75 3.93) (6.11 1.43 2.54) (2.86 5.53 3.16) (9.57 7.54 3.53) (1.89 2.37 5.6) (2.93 0.23 2.33) (2.39 8.6 8.74) (8.81 0.46 4.84) (5.8 3.54 5.32) (2.77 8.83 0.47) (3.82 2.77 9.77) (2.16 0.02 8.7) (9.16 6.52 0.95) (2.31 9.14 7.02) (8.2 6.4 2.62) (6.21 8.5 4.82) (5.15 8.5 9.64) (3.93 0.35 5.4) (8.96 9.69 8.2) (9.88 3.5 5.76) (8.54 6.07 3.47) (3 8.55 1.73) (4.48 6.78 7.87) (4.88 4.53 8.91) (9.97 2.49 3.93) (0.86 7.59 8.96) (9.04 0.44 7.71) (4.15 1.94 5.85) (2 9.08 8.25) (9.84 7.78 0.33) (5.04 6.52 7.79) (2.68 5.69 0.69) (0.63 8.15 5.3) (1.39 3.81 0.68) (3.62 4.52 5) (9.87 9.33 8.89) (1.11 1.37 6.79) (2.27 1.61 5.86) (6.07 5.42 2.72) (3.16 3.33 6.79) (8.25 4.3 2.97) (3.73 0.71 7.89) (9.12 1.47 8.83) (7.93 3.03 8.22) (8.96 8.91 9.35) (6.47 2.33 6.95) (7.06 0.8 7.52) (8.89 2.07 4.95) (7.52 0.03 5.27) (9.27 8.27 7.87) (7.87 0.85 5.11) (6.84 3.72 7.78) (6.55 1.23 2.44) (9.89 9.34 0.32) (5.81 0.71 4.39) (0.84 2.41 2.71) (5.06 0.48 6.33) (6.42 6.95 2.85) (0.39 6.51 4.55) (3.88 6.99 3.54) (3.77 7.65 3.35) (0.55 0.25 4.11) (4.3 8.69 4.14) (8.47 5.9 7.79) (0.42 5.78 7.53) (4.03 2.05 4.91) (2.06 6.57 5.79) (3.04 8.07 6.39) (3.1 5.3 9.61) (1.8 8.56 9.63) (1.94 0.48 7.89) (4.94 3.96 8.25) (0.69 2.88 7.12) (2.76 7.8 1.05) (1.51 6.55 6.7) (7.79 4.83 0.63) (5.31 3.25 6.06) (5.12 1.74 1.99) (6.18 5.22 1.45) (5.85 6.69 6.83) (1.12 6.97 3.99) (3.28 9.54 8.5) (7.11 2.49 0.66) (1.41 6.73 8.43) (3.05 0.13 7.77) (0.27 8.34 0.78) (4.24 7.5 4.62) (4.82 6.92 2.4)
double 97 (7.75 4.04 0.9) (2.57 6.15 3.22) (9.19 2.48 7.55) (4.37 4.74 2.77) (3.62 6.65 3.34) (2.62 4.12 6.46) (5.62 5.03 3.7) (1.91 1.87 8.04) (4.2 2.66 1.97) (3.38 2.33 6.18) (3.31 2.27 6.97) (8.57 8.85 5.79) (2.2 3.78 6.55) (8.94 2.01 1.39) (7.45 2.22 0.3) (2.85 7.53 9.96) (8.12 6.43 6.07) (6.66 8.66 0.04) (0.22 4.03 2.36) (3.58 8.62 9.59) (5.93 8.55 4.43) (3.07 1.68 2.6) (9.48 3.25 4.65) (7.82 4.82 6.15) (3.89 1.28 1.84) (3.02 7.38 1.83) (2.22 0.67 4.54) (8.63 6.72 2.23) (0.49 5.26 7.84) (7.64 4.26 2.48) (1.38 9.43 4.5) (5.06 5.87 0.35) (2.21 8.88 9.83) (2.84 5.89 1.72) (5.42 9.07 5.83) (1.41 1.81 1.01) (7.24 8.48 9.44) (4.18 5.3 3.72) (9.77 2.62 3.95) (6.11 0.12 8.94) (9.83 2.2 2.55) (7.67 5.08 2.45) (1.63 2.68 7.84) (6.81 6.41 8.79) (2.48 9.65 9.89) (5.16 4.64 5.3) (8.32 0.95 4.75) (2.05 2.76 1.46) (8.43 3.51 3.17) (3.48 4.18 7.94) (7.1 5.36 8.92) (2.42 6.52 4.46) (5.55 5.05 0.89) (0.07 2.37 6.57) (1.04 8.02 3.75) (7.95 7.29 0.2) (0.54 5.08 3.04) (7.06 3.24 7.2) (9.6 8.32 3.67) (2.61 3.33 6.31) (2.25 5.79 7.98) (2.29 8.5 5.2) (3.91 6.88 1.5) (1.88 7.23 1.17) (6.51 8.93 5.97) (3.62 7.41 4.54) (5.14 8.46 6.13) (5.32 7.95 2.66) (5.7 2.66 8.36) (9.73 9.68 1.63) (7.67 5.86 3.41) (5.92 1.45 7.97) (8.88 1.4 2.37) (5.3 4.67 0.21) (3.87 1.25 7.74) (8.56 1.04 4.71) (8.86 3.89 6.16) (9.12 9.74 2.86) (1.89 1.76 1.08) (1.93 1.84 6.25) (0.16 3.98 7.16) (4.17 5.88 1.34) (3.87 5.51 5.57) (5.23 3 8.4) (5.72 1.2 6.09) (3.35 0.49 0.66) (0.73 1.81 4.59) (8.29 0.03 3.96) (4.92 2.83 6.51) (3.48 4.81 0.17) (9.2 0.53 8.18) (0.87 3.68 3.35) (8.2 5.85 0.76) (9.28 5.88 7.78) (7.42 8.4 0.1) (4.45 5.49 2.46) (9.25 1.5 0.37)
double 98 (2.52 5.67 2.33) (3.21 1.06 6.02) (5 5.7 4.04) (7.2 2.89 9.21) (5.35 0.26 1.99) (5.49 2.12 0.87) (3.66 7.49 5.35) (3.43 5.5 7.95) (0.9 3.86 8.46) (4.37 8.79 0.11) (2.47 2.01 9.84) (7.44 6.26 2) (0.69 1.37 7.52) (0.61 1.91 4.95) (8.13 6.61 2.08) (1.4 0.44 9.4) (5.4 8.4 2.95) (8.29 8.66 9.89) (8.62 3.21 1.33) (6.7 6.86 3.99) (9.22 0.44 3.67) (0.54 9.96 6.24) (7.15 8.73 0.47) (7.51 6.73 7.58) (8.87 8.65 9.24) (5.51 2.04 5.22) (2.98 4.29 8.39) (4.51 3.26 0.45) (5.18 6.54 3.84) (5.27 4.12 1.37) (1.59 6.8 1.81) (2.04 3.2 1.22) (3.69 2.17 1.89) (6.69 7.55 8.21) (0.37 6.82 7.14) (5.61 6.15 6.21) (4.13 6.03 3.61) (7.73 6.67 0.89) (3.54 0.64 0.3) (7.4 1.5 6.63) (4.15 5.33 6.16) (2.88 8.56 5.44) (4.98 6.44 9.94) (1.5 7.01 2.26) (1.51 1.86 8.78) (0.06 0.81 7.18) (2.82 9.99 2.24) (1.86 1.69 4.92) (4.37 4.78 3.8) (1.31 2.53 3.52) (9.94 6.04 4.14) (9.85 7.81 9.75) (6.16 7.7 8.39) (0.86 0.31 2.85) (2.14 1.71 4.84) (9.93 1.45 8.02) (4.61 3.51 0.8) (1.79 4.94 3.26) (2.12 4.85 6.81) (6.32 9.73 6.77) (3 5.93 3.35) (7.83 8.41 1.9) (6.3 8.5 6.15) (8.16 3.83 0.05) (8.2 8.54 0.79) (9.33 2.42 6.61) (3.88 8.03 5.08) (2.65 1.77 1.88) (2.43 0.71 9.23) (2.16 5.14 2.95) (0.95 8.66 2.53) (5.97 3.88 1.48) (9.35 2.39 1.45) (2.43 3.4 3.16) (5.03 7.17 2.38) (6.81 5.08 7.71) (0.57 6.37 3.15) (9.06 3.2 3.91) (3.35 3.44 8.53) (8.5 4.02 1.98) (3.29 9.5 1.91) (1.74 0.92 8.85) (4.04 3.98 9.89) (2.37 1.28 0.14) (9.17 4.65 1.85) (8.33 8.08 6.92) (8.35 6.24 8.21) (8 5.96 4.28) (6.29 0.15 3.55) (3.37 6.66 5.45) (7.83 0.22 7.13) (9.77 1.97 5.77) (5.01 7.47 9.21) (0.17 1.96 4.72) (0.22 5.07 9.25) (1.27 5.75 6.05) (7.72 1.75 1.4) (8.58 4.84 3.45)
double 99 (9.12 1.21 6.09) (8.3 1.57 0.42) (3.79 1.75 0.04) (9.71 1.1 6.99) (9.5 4.14 4.54) (7.9 5.46 9.76) (7.51 2.37 4.48) (0.95 9.15 7.05) (8.75 9.96 2.24) (4.35 8.77 2.82) (8.62 5.28 8.93) (8.34 1.05 8.87) (5.26 3.31 4.2) (2.66 7.22 3.56) (1.1 1.73 8) (3.77 8.73 4.43) (7.66 2.89 6.95) (6.5 6.17 6.53) (7.73 1.26 1.48) (5.47 4.75 2.67) (2.65 6.46 4.07) (1.4 7.91 4.79) (4.13 4.91 9.22) (7.84 1.15 2.6) (4.98 4.61 1.41) (2.87 7.54 7.48) (3.18 9.67 5.77) (5.74 6.01 2.1) (3.89 8.16 6.26) (3.66 2.92 5.13) (7.58 7.74 0.57) (1.75 4.9 4.17) (5.64 4.23 7.59) (8.33 7.99 5.53) (3.77 6.26 6.4) (5.11 1.08 6.65) (6.9 0.91 9.7) (7.12 8.44 2.34) (1.76 2.42 9.33) (0.99 5.66 5.15) (4.8 0.32 7.13) (4.13 3.83 7.65) (9.49 0.21 6.6) (4.44 8.84 3.31) (4.29 5.72 0.19) (9.13 4.54 0.82) (8.03 1.85 7.15) (5.03 2.35 1.3) (2.3 1.33 6.04) (8.38 9.34 8.42) (5.45 8.88 8.1) (2.06 4.05 5.44) (9.96 5.03 7.05) (4.3 2.68 4.64) (4.66 6.43 1.38) (7.07 1.52 1.4) (3.83 4.81 5.5) (6.66 4.28 4.36) (5.01 0.67 5.24) (7.27 3.66 0.83) (6.55 8.87 4.95) (1.47 5.79 8.77) (0.39 4.25 5.81) (2.63 4.56 4.15) (7.67 7.7 9.98) (9.27 9.15 5.52) (6.9 8.37 8.32) (6.41 4.55 6.49) (8.66 3.51 9.03) (8.38 3.61 6.96) (2.09 9.63 8.85) (9.48 5.49 7.31) (0.85 0.66 3.7) (5.7 9.42 5.14) (6.61 5.92 4.71) (5.89 4.61 5.69) (8.72 2.18 5.2) (8.57 2.38 5.13) (9.72 6.46 9.03) (8.55 5.04 8.15) (3.08 7.89 5.32) (2.94 2.31 9.25) (2.25 5.24 1.31) (1.23 8.27 9.68) (7.62 2.93 0.49) (2.13 5.89 7.79) (5.02 9.08 0.97) (6.15 8.94 5.03) (7.49 5.89 2.08) (9.87 5.21 2.31) (0.73 1.2 9.88) (9.99 7.34 3.86) (8.97 6.98 7.47) (4.49 0.64 1.1) (1.07 4.43 1.26) (6.45 6.42 4.54) (2.2 2.73 3.97) (2.65 8.94 0.7) (4.62 3.44 6.06)
bool 101 (1 0 0) (1 0 1) (1 0 1) (1 1 0) (0 0 0) (1 0 1) (1 1 1) (1 0 0) (1 1 0) (1 0 1) (1 0 1) (1 0 1) (0 0 0) (1 1 1) (0 1 1) (0 1 0) (0 1 0) (1 1 1) (1 0 0) (0 1 1) (0 1 0) (0 0 1) (1 0 0) (0 1 1) (1 1 0) (0 1 1) (0 1 1) (1 1 1) (0 0 0) (0 1 1) (0 0 1) (1 0 0) (0 0 1) (0 1 1) (1 1 1) (0 0 0) (0 1 0) (0 1 0) (1 1 0) (1 0 1) (0 0 1) (0 0 1) (1 0 0) (1 0 1) (0 1 1) (0 0 0) (0 0 1) (0 1 0) (1 1 1) (0 1 1) (0 0 0) (0 1 1) (0 0 1) (0 0 1) (0 1 1) (1 0 0) (0 1 0) (0 1 0) (0 1 1) (0 1 1) (1 0 0) (1 0 1) (1 0 1) (1 0 1) (0 1 0) (0 1 1) (0 0 1) (0 0 1) (0 0 1) (1 1 1) (1 0 0) (1 0 1) (1 0 0) (0 1 1) (0 0 0) (1 0 0) (1 0 0) (1 0 1) (1 1 1) (0 1 0) (0 1 1) (0 0 0) (1 1 1) (0 0 0) (1 1 1) (1 1 0) (0 1 1) (0 0 0) (0 1 1) (1 1 1) (1 0 1) (0 0 0) (0 1 0) (0 0 0) (1 0 0) (1 0 0) (1 0 0) (1 0 0) (1 0 0) (0 0 1) (0 0 1)
char 101 (q j k) (q k c) (s f o) (s j p) (g f k) (q c a) (n c p) (g g c) (s j c) (b r b) (q e t) (p s p) (c h d) (d f p) (l m m) (b e d) (e c q) (o f m) (n i p) (m f j) (s q k) (k q t) (e m p) (p a q) (d b m) (p j b) (m t f) (f e p) (p t n) (t r n) (f r h) (a i i) (f i p) (k k l) (c j q) (r d p) (o j f) (r h o) (l f h) (a h t) (r r t) (l a c) (q r b) (r c l) (g o h) (l n h) (c a b) (f o r) (m r l) (s k k) (q s j) (q q l) (k i q) (q l f) (s e b) (i p q) (a h a) (e s g) (j f j) (f l h) (j b b) (t m p) (i p i) (t c g) (m t s) (h q d) (q k j) (j g j) (l e t) (d q b) (q s h) (g d s) (j n d) (p m q) (e c e) (e j l) (f l k) (k k s) (t b d) (j k m) (e f h) (c q k) (k a g) (m e t) (f k r) (s b b) (i p r) (a c l) (b r m) (n a i) (n h l) (o k s) (p c h) (p c o) (s d k) (n f b) (i b p) (a s a) (i p s) (m b f) (l f i)
char 102 (j r n) (r h o) (b p q) (s h q) (c f f) (d d h) (i k o) (h t c) (k i n) (f q h) (p j g) (q b c) (o l h) (q o l) (h q l) (i s m) (b h p) (o r o) (t l b) (d p r) (t o e) (l j p) (t j s) (c n o) (c q k) (m i s) (n g a) (t o h) (c n d) (p r o) (e n b) (l i g) (e k l) (f d l) (d f i) (p o q) (q f t) (p r a) (i j c) (o i t) (e t t) (k q d) (i h k) (j a a) (a l l) (g t q) (c s d) (l n q) (l g q) (t c n) (b l j) (i r r) (d j a) (s h a) (r t j) (j h c) (n l g) (k c s) (o m m) (h q c) (o d d) (p m r) (b l a) (i t t) (p s j) (e l t) (c b f) (k a h) (d n c) (r j h) (e c e) (q c j) (r g t) (a r r) (s n l) (d s b) (m f q) (f i h) (d q f) (n p j) (r k c) (s e j) (m o s) (j e i) (l c m) (r s r) (o i n) (f o l) (h m q) (h l s) (k m b) (r k f) (s i b) (r n s) (p q h) (j h n) (d r h) (f h t) (q f i) (n d d) (t g t) (f c p)
int 102 (27 12 68) (64 61 32) (2 73 4) (45 94 75) (44 40 51) (70 99 50) (11 76 32) (25 92 96) (99 36 44) (8 97 51) (56 40 65) (25 80 34) (44 41 31) (96 33 73) (11 15 5) (6 23 43) (97 92 55) (58 25 5) (69 10 63) (48 92 71) (33 82 11) (44 53 49) (64 33 51) (38 11 38) (64 33 4) (12 1 71) (31 72 20) (11 99 4) (71 23 19) (32 50 54) (94 50 34) (80 52 69) (80 72 20) (34 15 7) (51 53 50) (19 18 52) (17 20 63) (28 18 86) (20 77 68) (88 98 56) (10 10 92) (39 50 53) (63 19 1) (52 11 42) (11 89 33) (94 19 86) (4 92 71) (2 75 65) (2 66 37) (13 3 71) (37 62 10) (57 28 10) (68 77 55) (92 46 24) (75 71 19) (10 56 21) (61 55 37) (7 14 76) (87 57 79) (34 1 9) (26 10 45) (28 82 19) (26 29 10) (80 95 92) (20 40 8) (41 20 7) (8 41 14) (92 20 89) (10 60 94) (89 23 43) (81 18 69) (35 79 53) (89 12 13) (55 69 17) (53 30 98) (65 76 7) (95 69 35) (27 37 97) (11 9 27) (95 42 63) (9 59 39) (67 28 93) (44 55 34) (41 60 45) (37 42 85) (97 62 6) (76 66 45) (7 95 15) (60 71 77) (13 86 21) (51 50 39) (22 36 23) (4 29 60) (63 5 1) (73 17 75) (54 51 78) (45 36 96) (2 19 89) (99 29 4) (58 37 37) (17 44 39) (15 41 72)
char 103 (e r k) (c q r) (t k s) (h m g) (s d b) (p r q) (p o o) (s h g) (m h d) (s r t) (d i r) (s q i) (p a b) (t s p) (s m h) (r q f) (t l t) (d f b) (n r r) (l k d) (l i j) (h q t) (h s q) (r m o) (a q t) (g a g) (g o l) (r l p) (d a m) (d r o) (s a h) (k f c) (a p i) (r p h) (l m b) (q t g) (h q e) (p j q) (m g q) (q q m) (e g i) (k i c) (n i n) (p q p) (t t d) (t t o) (j l t) (l n l) (i q s) (h e k) (e o l) (r g p) (i l h) (s l g) (l a t) (l j m) (o b r) (f r q) (d k i) (f d n) (g q h) (i h m) (f a d) (m g q) (d f g) (t b e) (c l s) (o e f) (g i e) (q k o) (c a k) (a r h) (k k f) (o d i) (l d l) (n o i) (o p n) (k f s) (g b d) (h p d) (a m q) (i a j) (o l o) (m b p) (f o c) (d j m) (m a f) (c o f) (n c o) (i b a) (s k j) (b s r) (o k d) (k c k) (i f o) (d h g) (k m f) (j e d) (g i f) (j c m) (g k m) (s d g) (p m i)
bool 106 (0 0 1) (1 1 0) (0 1 0) (1 1 1) (1 1 0) (1 1 1) (1 0 0) (0 0 0) (0 0 1) (1 0 1) (1 0 0) (1 1 1) (1 1 1) (1 0 1) (1 1 0) (0 0 0) (0 1 0) (1 1 0) (1 1 1) (1 0 0) (0 0 0) (1 1 1) (0 0 1) (0 1 1) (0 0 1) (1 0 1) (1 0 1) (0 0 0) (1 1 1) (1 0 0) (0 1 1) (0 1 1) (0 0 0) (1 0 0) (0 1 1) (1 0 1) (0 1 0) (1 1 1) (1 1 0) (0 1 0) (1 0 0) (1 1 0) (0 0 0) (0 1 0) (0 0 0) (1 0 1) (1 0 0) (1 1 0) (1 0 1) (0 0 1) (0 1 1) (1 1 1) (0 1 0) (1 0 0) (0 0 0) (0 0 1) (0 0 1) (0 1 0) (0 1 0) (0 0 1) (0 0 0) (0 0 1) (0 1 0) (1 0 0) (1 0 1) (1 0 1) (1 1 0) (1 1 1) (1 0 1) (0 1 0) (0 1 1) (0 1 0) (0 1 1) (0 0 0) (0 0 1) (1 1 1) (0 1 1) (0 1 1) (1 1 0) (0 1 1) (0 1 1) (1 0 0) (0 1 0) (0 0 0) (0 0 0) (1 0 1) (0 0 1) (1 1 1) (0 0 1) (1 1 1) (1 1 0) (1 0 1) (0 1 0) (1 0 1) (1 0 1) (0 0 1) (1 1 1) (0 1 0) (1 1 0) (0 0 0) (1 0 1) (0 0 1) (1 0 0) (1 0 1) (1 1 1) (0 0 0)
char 106 (i o p) (r j d) (s n g) (m k d) (e e q) (q b m) (b p h) (k f m) (b d b) (l r d) (s r d) (m o j) (q s n) (t h t) (n s d) (f k t) (p o i) (b p l) (e s k) (l h p) (r j p) (s k i) (h m r) (m t a) (j b f) (s b r) (d t o) (h g f) (s f t) (g l s) (j q q) (i d h) (r n s) (q k s) (m g s) (m i q) (s s j) (b r d) (l q n) (m j d) (q f l) (n j r) (b b t) (d f p) (l b s) (a a d) (t m m) (q j e) (g a f) (k h o) (h j a) (r d a) (m b e) (l r b) (i o h) (p o j) (s i t) (d n g) (k c k) (h m m) (e n r) (c r j) (a a g) (m m e) (a p l) (p h s) (p p j) (j h f) (c q r) (h s l) (f j n) (f s n) (r n g) (q i e) (n e f) (g d q) (t a g) (q g s) (p a d) (g n m) (b m k) (a d h) (i d j) (m n n) (t p e) (e m o) (i e a) (r b n) (g q q) (n h g) (o o i) (o b d) (q l n) (t t b) (j h l) (b c e) (e j b) (i n g) (s o b) (i t h) (s q i) (c t t) (a r l) (n p l) (i m b) (n p a)
bool 107 (1 0 1) (0 0 0) (0 1 0) (1 1 1) (0 0 1) (0 0 1) (0 1 1) (0 0 0) (1 0 0) (1 1 0) (0 0 0) (0 0 1) (0 0 1) (0 0 1) (1 1 0) (0 1 1) (0 1 1) (0 1 0) (0 1 1) (1 0 0) (0 0 0) (0 0 0) (0 1 1) (1 1 0) (1 0 1) (1 1 0) (1 1 1) (0 1 1) (0 1 1) (0 0 1) (1 1 1) (1 1 1) (0 1 0) (0 1 1) (0 0 1) (0 1 0) (1 1 1) (1 0 1) (1 1 1) (0 1 1) (0 0 1) (0 0 0) (1 1 1) (0 0 0) (0 0 0) (0 0 1) (1 1 0) (1 1 1) (0 1 0) (0 1 0) (1 1 1) (1 0 1) (1 0 0) (0 0 0) (1 1 0) (0 1 0) (1 1 1) (1 1 0) (0 0 0) (1 1 0) (0 0 0) (0 1 1) (1 1 0) (1 1 1) (1 1 1) (0 0 0) (0 1 1) (1 0 0) (0 1 1) (0 1 1) (0 0 0) (0 1 1) (1 0 1) (0 0 0) (0 0 0) (1 1 0) (1 0 0) (0 0 1) (0 1 1) (0 0 0) (1 0 0) (0 0 1) (1 1 1) (0 1 0) (0 0 0) (0 1 1) (0 0 1) (1 1 0) (1 1 0) (1 1 1) (0 1 0) (1 1 0) (1 0 1) (1 1 1) (0 1 1) (0 1 1) (1 0 0) (1 0 0) (1 0 0) (1 0 0) (1 1 1) (0 0 1) (0 1 1) (0 1 0) (0 0 1) (0 0 1) (0 0 0)
char 108 (g r g) (s c m) (j c j) (p s f) (t t c) (m j n) (r e g) (l l b) (s c r) (r r f) (n i b) (t o c) (c m e) (h m k) (o c t) (d a l) (r n f) (e d p) (q k k) (e f b) (r o r) (p p l) (b e l) (r b r) (f g o) (h n i) (g b s) (i r j) (t l h) (a d f) (h l p) (m j f) (b l d) (f c o) (m n n) (b i a) (s e o) (h j f) (n f g) (h e c) (b g s) (f f b) (h o t) (t g s) (h e q) (h t l) (a b b) (c t b) (e m i) (h e r) (e e o) (t g m) (j r f) (h r h) (d d b) (m c n) (t n o) (i e i) (l m i) (k m k) (p d l) (a r m) (m n b) (b t d) (q r n) (q d s) (j c g) (f c k) (l r o) (e c e) (o s b) (j n m) (g r n) (t h n) (o a n) (e k k) (i j c) (h m n) (l o b) (b r k) (h k i) (t c c) (h j t) (f r q) (t o m) (n m g) (n n c) (r e i) (f j a) (j n o) (i j l) (r n o) (p b n) (g g q) (s f m) (p f n) (d n g) (i j k) (m l q) (l l j) (o j m) (l c g) (b f o) (h s r) (r o t) (c g r) (f r b) (e t n)
char 108 (p s o) (e b q) (h g f) (j m i) (q h g) (g i g) (n k t) (c b l) (k a s) (e i e) (h s t) (m s s) (f q q) (q f h) (o e s) (l h s) (a e l) (m f p) (s n e) (c j g) (s j r) (p b s) (p o a) (p p i) (n p p) (i s p) (d h i) (c q e) (l n m) (o g e) (f m d) (f i i) (s p j) (b k l) (o r f) (s q i) (h f t) (n l s) (k e j) (c t g) (s r b) (j j k) (n o c) (f h s) (a c i) (d j m) (t s q) (a t m) (p o f) (e j p) (k r c) (o l k) (b f f) (q d g) (l b b) (s o h) (d p n) (e a l) (d r t) (e c n) (k c s) (e q q) (o t r) (o a f) (q m b) (r c q) (n b b) (c m d) (o o j) (k i l) (m d d) (n a e) (d j f) (k e h) (t p l) (k o m) (i f f) (a f k) (m d h) (k r e) (f q t) (o q k) (g g d) (g d j) (k f c) (a e r) (n a a) (b r o) (h i q) (n p c) (f j e) (n r r) (j a o) (i h d) (h c l) (e m r) (l m j) (n p f) (c c n) (g r g) (c p g) (j d t) (e o f) (b k t) (q a r) (l m o) (o a g) (g h f)
